 ----------------   CP     1,     Type (3,-3)   ----------------
 Corresponding nucleus:     2(N )
 Position (Bohr):        1.683106891484   -3.439901878542   -1.234062304725
 Position (Angstrom):    0.890661810487   -1.820317681867   -0.653037648495
 Density of all electrons:  0.1954622945E+03
 Density of Alpha electrons:  0.9774425371E+02
 Density of Beta electrons:  0.9771804077E+02
 Spin density of electrons:  0.2621293771E-01
 Lagrangian kinetic energy G(r):  0.1868011873E+02
 G(r) in X,Y,Z:  0.6071385157E+01  0.6631114681E+01  0.5977618894E+01
 Hamiltonian kinetic energy K(r):  0.3673136432E+06
 Potential energy density V(r): -0.3673323233E+06
 Energy density E(r) or H(r): -0.3673136432E+06
 Laplacian of electron density: -0.1469179852E+07
 Electron localization function (ELF):  0.9999990233E+00
 Localized orbital locator (LOL):  0.9990127123E+00
 Local information entropy: -0.8573503465E+00
 Interaction region indicator (IRI):  0.3244039748E-12
 Reduced density gradient (RDG):  0.1000000000E+03
 Reduced density gradient with promolecular approximation:  0.1000000000E+03
 Sign(lambda2)*rho: -0.1954622945E+03
 Sign(lambda2)*rho with promolecular approximation: -0.1931597983E+03
 Corr. hole for alpha, ref.:   0.00000   0.00000   0.00000 : -0.1495972812E-04
 Source function, ref.:   0.00000   0.00000   0.00000 :  0.2905757274E+05
 Wavefunction value for orbital       1 :  0.2422512182E-05
 Average local ionization energy (ALIE):  0.1383846158E+02
 van der Waals potential (probe atom: C ):  0.3553022329E+74 kcal/mol
 Delta-g (under promolecular approximation):  0.5032113820E-01
 Delta-g (under Hirshfeld partition):  0.7196152851E-01
 User-defined real space function:  0.1000000000E+01
 ESP from nuclear charges:  0.1631393392E+07
 ESP from electrons: -0.3811386072E+02
 Total ESP:  0.1631355278E+07 a.u. ( 0.4439143E+08 eV, 0.1023692E+10 kcal/mol)
 
 Note: Below information is for electron density
 
 Components of gradient in x/y/z are:
  0.2110540587E-10 -0.1053688848E-09 -0.2647624709E-12
 Norm of gradient is:  0.1074621335E-09
 
 Components of Laplacian in x/y/z are:
 -0.4897273024E+06 -0.4897249233E+06 -0.4897276266E+06
 Total: -0.1469179852E+07
 
 Hessian matrix:
 -0.4897273024E+06 -0.1554254770E+01 -0.1554615499E+01
 -0.1554254770E+01 -0.4897249233E+06  0.1943507328E+01
 -0.1554615499E+01  0.1943507328E+01 -0.4897276266E+06
 Eigenvalues of Hessian: -0.4897290986E+06 -0.4897278611E+06 -0.4897228926E+06
 Eigenvectors (columns) of Hessian:
  0.5553669947E+00  0.7087265268E+00  0.4350565611E+00
 -0.1719906999E+00  0.6097297629E+00 -0.7737239917E+00
  0.8136256513E+00 -0.3548750855E+00 -0.4605181574E+00
 Determinant of Hessian: -0.1174521924E+18
 Ellipticity of electron density:    0.000003
 eta index:   -1.000013
 Stiffness:   -1.000010
 
 Stress tensor:
 -0.1224439684E+06  0.3405803353E+00  0.3474383752E+00
  0.3405803353E+00 -0.1224444931E+06 -0.4292444872E+00
  0.3474383752E+00 -0.4292444872E+00 -0.1224438619E+06
 Eigenvalues of stress tensor: -0.1224449344E+06 -0.1224438449E+06 -0.1224435440E+06
 Eigenvectors (columns) of stress tensor:
  0.4368530358E+00  0.7269291474E+00  0.5298428443E+00
 -0.7773553149E+00  0.6014675395E+00 -0.1842702182E+00
 -0.4526346645E+00 -0.3313771469E+00  0.8278351569E+00
 Stress tensor stiffness:    1.000011
 Stress tensor polarizability:    0.999989
 
