 ----------------   CP     1,     Type (3,-3)   ----------------
 Corresponding nucleus:     2(N )
 Position (Bohr):        3.323248789116    2.258845857365   -1.085203414953
 Position (Angstrom):    1.758587525361    1.195329750660   -0.574264916387
 Density of all electrons:  0.1954645155E+03
 Density of Alpha electrons:  0.9773108913E+02
 Density of Beta electrons:  0.9773342636E+02
 Spin density of electrons: -0.2337226128E-02
 Lagrangian kinetic energy G(r):  0.1862355168E+02
 G(r) in X,Y,Z:  0.6307133030E+01  0.6197496304E+01  0.6118922344E+01
 Hamiltonian kinetic energy K(r):  0.3673089598E+06
 Potential energy density V(r): -0.3673275833E+06
 Energy density E(r) or H(r): -0.3673089598E+06
 Laplacian of electron density: -0.1469161345E+07
 Electron localization function (ELF):  0.9999990293E+00
 Localized orbital locator (LOL):  0.9990157177E+00
 Local information entropy: -0.1343095930E+01
 Interaction region indicator (IRI):  0.2982452779E-12
 Reduced density gradient (RDG):  0.1000000000E+03
 Reduced density gradient with promolecular approximation:  0.1000000000E+03
 Sign(lambda2)*rho: -0.1954645155E+03
 Sign(lambda2)*rho with promolecular approximation: -0.1931637854E+03
 Corr. hole for alpha, ref.:   0.00000   0.00000   0.00000 : -0.2424842075E-02
 Source function, ref.:   0.00000   0.00000   0.00000 :  0.2808892514E+05
 Wavefunction value for orbital       1 : -0.1077353178E-02
 Average local ionization energy (ALIE):  0.1432349944E+02
 van der Waals potential (probe atom: C ):  0.8142359553E+77 kcal/mol
 Delta-g (under promolecular approximation):  0.4944150694E-01
 Delta-g (under Hirshfeld partition):  0.6998266095E-01
 User-defined real space function:  0.1000000000E+01
 ESP from nuclear charges:  0.3108626925E+07
 ESP from electrons: -0.3557435602E+02
 Total ESP:  0.3108591351E+07 a.u. ( 0.8458907E+08 eV, 0.1950672E+10 kcal/mol)
 
 Note: Below information is for electron density
 
 Components of gradient in x/y/z are:
 -0.8620655476E-10 -0.4387589433E-10 -0.2010937732E-10
 Norm of gradient is:  0.9879803258E-10
 
 Components of Laplacian in x/y/z are:
 -0.4897200359E+06 -0.4897204994E+06 -0.4897208096E+06
 Total: -0.1469161345E+07
 
 Hessian matrix:
 -0.4897200359E+06  0.4629196923E+00 -0.4231803446E+00
  0.4629196923E+00 -0.4897204994E+06 -0.2096148790E+00
 -0.4231803446E+00 -0.2096148790E+00 -0.4897208096E+06
 Eigenvalues of Hessian: -0.4897209962E+06 -0.4897207775E+06 -0.4897195712E+06
 Eigenvectors (columns) of Hessian:
  0.3955736804E+00  0.4476512215E+00  0.8019537688E+00
  0.1883592133E-01 -0.8769454834E+00  0.4802206026E+00
  0.9182410748E+00 -0.1748570931E+00 -0.3553284756E+00
 Determinant of Hessian: -0.1174477538E+18
 Ellipticity of electron density:    0.000000
 eta index:   -1.000003
 Stiffness:   -1.000002
 
 Stress tensor:
 -0.1224426232E+06 -0.9976316171E-01  0.8104483283E-01
 -0.9976316171E-01 -0.1224425198E+06  0.3840766271E-01
  0.8104483283E-01  0.3840766271E-01 -0.1224424402E+06
 Eigenvalues of stress tensor: -0.1224427131E+06 -0.1224424607E+06 -0.1224424095E+06
 Eigenvectors (columns) of stress tensor:
  0.8179074960E+00  0.4558348311E+00  0.3510583067E+00
  0.4840117767E+00 -0.8750200951E+00  0.8510771108E-02
 -0.3110625788E+00 -0.1629553313E+00  0.9363149214E+00
 Stress tensor stiffness:    1.000002
 Stress tensor polarizability:    0.999998
 
