 ----------------   CP     1,     Type (3,-3)   ----------------
 Corresponding nucleus:     2(N )
 Position (Bohr):       -1.433899387681    2.916362215729    2.121195256475
 Position (Angstrom):   -0.758786878689    1.543272423303    1.122488189602
 Density of all electrons:  0.1954732044E+03
 Density of Alpha electrons:  0.9774121789E+02
 Density of Beta electrons:  0.9773198649E+02
 Spin density of electrons:  0.9231395712E-02
 Lagrangian kinetic energy G(r):  0.1880660830E+02
 G(r) in X,Y,Z:  0.6143144588E+01  0.6434957352E+01  0.6228506365E+01
 Hamiltonian kinetic energy K(r):  0.3673487568E+06
 Potential energy density V(r): -0.3673675634E+06
 Energy density E(r) or H(r): -0.3673487568E+06
 Laplacian of electron density: -0.1469319801E+07
 Electron localization function (ELF):  0.9999990102E+00
 Localized orbital locator (LOL):  0.9990061260E+00
 Local information entropy:  0.1644266974E+00
 Interaction region indicator (IRI):  0.2766417669E-12
 Reduced density gradient (RDG):  0.1000000000E+03
 Reduced density gradient with promolecular approximation:  0.1000000000E+03
 Sign(lambda2)*rho: -0.1954732044E+03
 Sign(lambda2)*rho with promolecular approximation: -0.1931637460E+03
 Corr. hole for alpha, ref.:   0.00000   0.00000   0.00000 : -0.4786421317E-02
 Source function, ref.:   0.00000   0.00000   0.00000 :  0.3012893714E+05
 Wavefunction value for orbital       1 :  0.6470151987E-05
 Average local ionization energy (ALIE):  0.1397864315E+02
 van der Waals potential (probe atom: C ):  0.1204863090E+77 kcal/mol
 Delta-g (under promolecular approximation):  0.4809545528E-01
 Delta-g (under Hirshfeld partition):  0.6905540836E-01
 User-defined real space function:  0.1000000000E+01
 ESP from nuclear charges:  0.2651065567E+07
 ESP from electrons: -0.5109028829E+02
 Total ESP:  0.2651014477E+07 a.u. ( 0.7213777E+08 eV, 0.1663538E+10 kcal/mol)
 
 Note: Below information is for electron density
 
 Components of gradient in x/y/z are:
  0.3079595293E-10 -0.5050869597E-10 -0.6999626858E-10
 Norm of gradient is:  0.9164604029E-10
 
 Components of Laplacian in x/y/z are:
 -0.4897738253E+06 -0.4897725912E+06 -0.4897733843E+06
 Total: -0.1469319801E+07
 
 Hessian matrix:
 -0.4897738253E+06  0.5174215985E+00 -0.5357529311E+00
  0.5174215985E+00 -0.4897725912E+06  0.1746147194E+01
 -0.5357529311E+00  0.1746147194E+01 -0.4897733843E+06
 Eigenvalues of Hessian: -0.4897751835E+06 -0.4897734221E+06 -0.4897711951E+06
 Eigenvectors (columns) of Hessian:
 -0.4794923743E+00 -0.8770899058E+00 -0.2829063599E-01
  0.5540784418E+00 -0.2775922741E+00 -0.7848182017E+00
 -0.6805028606E+00  0.3919895745E+00 -0.6190799869E+00
 Determinant of Hessian: -0.1174857597E+18
 Ellipticity of electron density:    0.000004
 eta index:   -1.000008
 Stiffness:   -1.000005
 
 Stress tensor:
 -0.1224557426E+06 -0.1303802597E+00  0.1157267061E+00
 -0.1303802597E+00 -0.1224560177E+06 -0.4018949044E+00
  0.1157267061E+00 -0.4018949044E+00 -0.1224558031E+06
 Eigenvalues of stress tensor: -0.1224563283E+06 -0.1224558282E+06 -0.1224554068E+06
 Eigenvectors (columns) of stress tensor:
 -0.5966783850E-01 -0.8882703282E+00  0.4554289990E+00
 -0.7990782454E+00 -0.2309345528E+00 -0.5551064672E+00
 -0.5982588961E+00  0.3970454085E+00  0.6960181297E+00
 Stress tensor stiffness:    1.000008
 Stress tensor polarizability:    0.999992
 
