 ----------------   CP     1,     Type (3,-3)   ----------------
 Corresponding nucleus:     2(N )
 Position (Bohr):       -3.611905178136   -0.060322442442   -1.765588254374
 Position (Angstrom):   -1.911337908212   -0.031921261846   -0.934309068053
 Density of all electrons:  0.1954675309E+03
 Density of Alpha electrons:  0.9773376547E+02
 Density of Beta electrons:  0.9773376547E+02
 Spin density of electrons:  0.0000000000E+00
 Lagrangian kinetic energy G(r):  0.1870408807E+02
 G(r) in X,Y,Z:  0.6638600497E+01  0.6049702044E+01  0.6015785528E+01
 Hamiltonian kinetic energy K(r):  0.3673243070E+06
 Potential energy density V(r): -0.3673430110E+06
 Energy density E(r) or H(r): -0.3673243070E+06
 Laplacian of electron density: -0.1469222411E+07
 Electron localization function (ELF):  0.9999990209E+00
 Localized orbital locator (LOL):  0.9990114908E+00
 Local information entropy: -0.8792737722E+00
 Interaction region indicator (IRI):  0.3320026077E-12
 Reduced density gradient (RDG):  0.1000000000E+03
 Reduced density gradient with promolecular approximation:  0.1000000000E+03
 Sign(lambda2)*rho: -0.1954675309E+03
 Sign(lambda2)*rho with promolecular approximation: -0.1931621820E+03
 Corr. hole for alpha, ref.:   0.00000   0.00000   0.00000 : -0.5447928774E-02
 Source function, ref.:   0.00000   0.00000   0.00000 :  0.2907807495E+05
 Wavefunction value for orbital       1 : -0.1005566391E-06
 Average local ionization energy (ALIE):  0.1400821629E+02
 van der Waals potential (probe atom: C ):  0.8602996275E+75 kcal/mol
 Delta-g (under promolecular approximation):  0.5019593173E-01
 Delta-g (under Hirshfeld partition):  0.7139995468E-01
 User-defined real space function:  0.1000000000E+01
 ESP from nuclear charges:  0.2127625721E+07
 ESP from electrons: -0.3848997487E+02
 Total ESP:  0.2127587231E+07 a.u. ( 0.5789459E+08 eV, 0.1335082E+10 kcal/mol)
 
 Note: Below information is for electron density
 
 Components of gradient in x/y/z are:
 -0.9627658431E-10 -0.1593763381E-11 -0.5314536095E-10
 Norm of gradient is:  0.1099824993E-09
 
 Components of Laplacian in x/y/z are:
 -0.4897391418E+06 -0.4897415938E+06 -0.4897416759E+06
 Total: -0.1469222411E+07
 
 Hessian matrix:
 -0.4897391418E+06 -0.2459770865E+00  0.1535795460E+01
 -0.2459770865E+00 -0.4897415938E+06 -0.7737465209E-01
  0.1535795460E+01 -0.7737465209E-01 -0.4897416759E+06
 Eigenvalues of Hessian: -0.4897424014E+06 -0.4897416127E+06 -0.4897383974E+06
 Eigenvectors (columns) of Hessian:
 -0.4285323901E+00  0.5321035025E-01 -0.9019582303E+00
 -0.4406222423E-01  0.9958458832E+00  0.7968373268E-01
  0.9024513898E+00  0.7388934621E-01 -0.4244076502E+00
 Determinant of Hessian: -0.1174623997E+18
 Ellipticity of electron density:    0.000002
 eta index:   -1.000008
 Stiffness:   -1.000007
 
 Stress tensor:
 -0.1224480627E+06  0.5958290018E-01 -0.3469674833E+00
  0.5958290018E-01 -0.1224474979E+06  0.1020649392E-01
 -0.3469674833E+00  0.1020649392E-01 -0.1224474505E+06
 Eigenvalues of stress tensor: -0.1224482240E+06 -0.1224474943E+06 -0.1224472928E+06
 Eigenvectors (columns) of stress tensor:
  0.9090523121E+00 -0.4207050385E-01 -0.4145527308E+00
 -0.8034084540E-01 -0.9939184904E+00 -0.7530858506E-01
  0.4088633542E+00 -0.1017649602E+00  0.9069038816E+00
 Stress tensor stiffness:    1.000008
 Stress tensor polarizability:    0.999992
 
