 ----------------   CP     1,     Type (3,-3)   ----------------
 Corresponding nucleus:     2(N )
 Position (Bohr):        3.200304047003    2.943107186826   -0.460644957449
 Position (Angstrom):    1.693527969635    1.557425252513   -0.243762813799
 Density of all electrons:  0.1955072808E+03
 Density of Alpha electrons:  0.9781506866E+02
 Density of Beta electrons:  0.9769221210E+02
 Spin density of electrons:  0.1228565609E+00
 Lagrangian kinetic energy G(r):  0.1855338476E+02
 G(r) in X,Y,Z:  0.6395394560E+01  0.6459903608E+01  0.5698086593E+01
 Hamiltonian kinetic energy K(r):  0.3673852502E+06
 Potential energy density V(r): -0.3674038036E+06
 Energy density E(r) or H(r): -0.3673852502E+06
 Laplacian of electron density: -0.1469466787E+07
 Electron localization function (ELF):  0.9999990373E+00
 Localized orbital locator (LOL):  0.9990197798E+00
 Local information entropy: -0.1278495867E+01
 Interaction region indicator (IRI):  0.3531020653E-12
 Reduced density gradient (RDG):  0.1000000000E+03
 Reduced density gradient with promolecular approximation:  0.1000000000E+03
 Sign(lambda2)*rho: -0.1955072808E+03
 Sign(lambda2)*rho with promolecular approximation: -0.1931573950E+03
 Corr. hole for alpha, ref.:   0.00000   0.00000   0.00000 : -0.3201348733E-02
 Source function, ref.:   0.00000   0.00000   0.00000 :  0.2674552801E+05
 Wavefunction value for orbital       1 :  0.8612708253E+01
 Average local ionization energy (ALIE):  0.1395352978E+02
 van der Waals potential (probe atom: C ):  0.5368109022E+73 kcal/mol
 Delta-g (under promolecular approximation):  0.5125200866E-01
 Delta-g (under Hirshfeld partition):  0.7300738842E-01
 User-defined real space function:  0.1000000000E+01
 ESP from nuclear charges:  0.1393672329E+07
 ESP from electrons: -0.3520771153E+02
 Total ESP:  0.1393637121E+07 a.u. ( 0.3792279E+08 eV, 0.8745212E+09 kcal/mol)
 
 Note: Below information is for electron density
 
 Components of gradient in x/y/z are:
 -0.6036277084E-10  0.1001520376E-09 -0.3808329934E-11
 Norm of gradient is:  0.1169982825E-09
 
 Components of Laplacian in x/y/z are:
 -0.4898213882E+06 -0.4898210596E+06 -0.4898243395E+06
 Total: -0.1469466787E+07
 
 Hessian matrix:
 -0.4898213882E+06  0.3141449531E+01 -0.6021434398E+00
  0.3141449531E+01 -0.4898210596E+06 -0.1819699252E+00
 -0.6021434398E+00 -0.1819699252E+00 -0.4898243395E+06
 Eigenvalues of Hessian: -0.4898246887E+06 -0.4898240679E+06 -0.4898180307E+06
 Eigenvectors (columns) of Hessian:
  0.5464476123E+00  0.4762644704E+00  0.6888883518E+00
 -0.4371981217E+00 -0.5393597390E+00  0.7196866500E+00
  0.7143198229E+00 -0.6944517450E+00 -0.8650990968E-01
 Determinant of Hessian: -0.1175210221E+18
 Ellipticity of electron density:    0.000001
 eta index:   -1.000014
 Stiffness:   -1.000012
 
 Stress tensor:
 -0.1224681378E+06 -0.6780196354E+00  0.1278240930E+00
 -0.6780196354E+00 -0.1224681847E+06  0.3008041236E-01
  0.1278240930E+00  0.3008041236E-01 -0.1224674810E+06
 Eigenvalues of stress tensor: -0.1224688486E+06 -0.1224675485E+06 -0.1224674065E+06
 Eigenvectors (columns) of stress tensor:
 -0.6955347981E+00  0.4871135657E+00 -0.5281588006E+00
 -0.7139446138E+00 -0.5511412234E+00  0.4318870689E+00
  0.8071203737E-01 -0.6774686162E+00 -0.7311100061E+00
 Stress tensor stiffness:    1.000012
 Stress tensor polarizability:    0.999988
 
