 ----------------   CP     1,     Type (3,-3)   ----------------
 Corresponding nucleus:     2(N )
 Position (Bohr):        2.807792199519    2.747375967523   -0.689530031186
 Position (Angstrom):    1.485819644936    1.453848751796   -0.364883578737
 Density of all electrons:  0.1954562344E+03
 Density of Alpha electrons:  0.9772811722E+02
 Density of Beta electrons:  0.9772811722E+02
 Spin density of electrons:  0.0000000000E+00
 Lagrangian kinetic energy G(r):  0.1866583254E+02
 G(r) in X,Y,Z:  0.6338621720E+01  0.6347316516E+01  0.5979894304E+01
 Hamiltonian kinetic energy K(r):  0.3672985737E+06
 Potential energy density V(r): -0.3673172395E+06
 Energy density E(r) or H(r): -0.3672985737E+06
 Laplacian of electron density: -0.1469119631E+07
 Electron localization function (ELF):  0.9999990247E+00
 Localized orbital locator (LOL):  0.9990134157E+00
 Local information entropy: -0.1309881822E+01
 Interaction region indicator (IRI):  0.3299193258E-12
 Reduced density gradient (RDG):  0.1000000000E+03
 Reduced density gradient with promolecular approximation:  0.1000000000E+03
 Sign(lambda2)*rho: -0.1954562344E+03
 Sign(lambda2)*rho with promolecular approximation: -0.1931625120E+03
 Corr. hole for alpha, ref.:   0.00000   0.00000   0.00000 : -0.5062185415E-02
 Source function, ref.:   0.00000   0.00000   0.00000 :  0.2931231424E+05
 Wavefunction value for orbital       1 :  0.1032603203E+00
 Average local ionization energy (ALIE):  0.1415365839E+02
 van der Waals potential (probe atom: C ):  0.2345522773E+76 kcal/mol
 Delta-g (under promolecular approximation):  0.5048322933E-01
 Delta-g (under Hirshfeld partition):  0.7157590359E-01
 User-defined real space function:  0.1000000000E+01
 ESP from nuclear charges:  0.2313095697E+07
 ESP from electrons: -0.3590401446E+02
 Total ESP:  0.2313059793E+07 a.u. ( 0.6294156E+08 eV, 0.1451468E+10 kcal/mol)
 
 Note: Below information is for electron density
 
 Components of gradient in x/y/z are:
  0.7889522877E-10 -0.7143397082E-10  0.2482003850E-10
 Norm of gradient is:  0.1092854227E-09
 
 Components of Laplacian in x/y/z are:
 -0.4897060939E+06 -0.4897060015E+06 -0.4897075361E+06
 Total: -0.1469119631E+07
 
 Hessian matrix:
 -0.4897060939E+06  0.1487350781E+01 -0.4246890998E+00
  0.1487350781E+01 -0.4897060015E+06 -0.2564252343E+00
 -0.4246890998E+00 -0.2564252343E+00 -0.4897075361E+06
 Eigenvalues of Hessian: -0.4897077042E+06 -0.4897074432E+06 -0.4897044841E+06
 Eigenvectors (columns) of Hessian:
 -0.5121332092E+00 -0.5085258314E+00  0.6921857083E+00
  0.3277946769E+00  0.6291749118E+00  0.7047620734E+00
 -0.7938956013E+00  0.5878268530E+00 -0.1555293061E+00
 Determinant of Hessian: -0.1174377501E+18
 Ellipticity of electron density:    0.000001
 eta index:   -1.000007
 Stiffness:   -1.000006
 
 Stress tensor:
 -0.1224392007E+06 -0.3455403191E+00  0.9014205096E-01
 -0.3455403191E+00 -0.1224391950E+06  0.4838755647E-01
  0.9014205096E-01  0.4838755647E-01 -0.1224388438E+06
 Eigenvalues of stress tensor: -0.1224395569E+06 -0.1224388722E+06 -0.1224388104E+06
 Eigenvectors (columns) of stress tensor:
 -0.7073391278E+00  0.5214660072E+00 -0.4772259021E+00
 -0.6935745273E+00 -0.6423366044E+00  0.3261258373E+00
  0.1364761272E+00 -0.5616732947E+00 -0.8160253530E+00
 Stress tensor stiffness:    1.000006
 Stress tensor polarizability:    0.999994
 
