 ----------------   CP     1,     Type (3,-3)   ----------------
 Corresponding nucleus:     2(N )
 Position (Bohr):        1.582053061769    2.136738256580    2.572126167508
 Position (Angstrom):    0.837186426728    1.130713191047    1.361110551413
 Density of all electrons:  0.1954856366E+03
 Density of Alpha electrons:  0.9774655541E+02
 Density of Beta electrons:  0.9773908117E+02
 Spin density of electrons:  0.7474241531E-02
 Lagrangian kinetic energy G(r):  0.1883830326E+02
 G(r) in X,Y,Z:  0.6661446428E+01  0.5920813327E+01  0.6256043505E+01
 Hamiltonian kinetic energy K(r):  0.3673795050E+06
 Potential energy density V(r): -0.3673983433E+06
 Energy density E(r) or H(r): -0.3673795050E+06
 Laplacian of electron density: -0.1469442667E+07
 Electron localization function (ELF):  0.9999990071E+00
 Localized orbital locator (LOL):  0.9990045581E+00
 Local information entropy:  0.1643851358E+00
 Interaction region indicator (IRI):  0.2938212012E-12
 Reduced density gradient (RDG):  0.1000000000E+03
 Reduced density gradient with promolecular approximation:  0.1000000000E+03
 Sign(lambda2)*rho: -0.1954856366E+03
 Sign(lambda2)*rho with promolecular approximation: -0.1931644538E+03
 Corr. hole for alpha, ref.:   0.00000   0.00000   0.00000 : -0.9977338650E-02
 Source function, ref.:   0.00000   0.00000   0.00000 :  0.3161042201E+05
 Wavefunction value for orbital       1 :  0.4068975962E-05
 Average local ionization energy (ALIE):  0.1395529820E+02
 van der Waals potential (probe atom: C ):  0.5438646816E+77 kcal/mol
 Delta-g (under promolecular approximation):  0.4713815067E-01
 Delta-g (under Hirshfeld partition):  0.6823683095E-01
 User-defined real space function:  0.1000000000E+01
 ESP from nuclear charges:  0.3005842936E+07
 ESP from electrons: -0.5356563527E+02
 Total ESP:  0.3005789370E+07 a.u. ( 0.8179169E+08 eV, 0.1886163E+10 kcal/mol)
 
 Note: Below information is for electron density
 
 Components of gradient in x/y/z are:
  0.3001883848E-10 -0.4392031119E-10  0.8152142146E-10
 Norm of gradient is:  0.9734406276E-10
 
 Components of Laplacian in x/y/z are:
 -0.4898126503E+06 -0.4898157192E+06 -0.4898142975E+06
 Total: -0.1469442667E+07
 
 Hessian matrix:
 -0.4898126503E+06  0.1156935072E+01  0.3746330865E+00
  0.1156935072E+01 -0.4898157192E+06  0.8245128757E-01
  0.3746330865E+00  0.8245128757E-01 -0.4898142975E+06
 Eigenvalues of Hessian: -0.4898161074E+06 -0.4898143657E+06 -0.4898121938E+06
 Eigenvectors (columns) of Hessian:
 -0.3195103044E+00 -0.1619021608E+00  0.9336492145E+00
  0.9473040947E+00 -0.7847027658E-01  0.3105758649E+00
  0.2298080846E-01  0.9836819130E+00  0.1784426418E+00
 Determinant of Hessian: -0.1175152351E+18
 Ellipticity of electron density:    0.000004
 eta index:   -1.000008
 Stiffness:   -1.000004
 
 Stress tensor:
 -0.1224664855E+06 -0.2685350924E+00 -0.7122783317E-01
 -0.2685350924E+00 -0.1224657714E+06 -0.2067868754E-01
 -0.7122783317E-01 -0.2067868754E-01 -0.1224660865E+06
 Eigenvalues of stress tensor: -0.1224665862E+06 -0.1224660755E+06 -0.1224656817E+06
 Eigenvectors (columns) of stress tensor:
  0.9383555774E+00  0.1367885935E+00  0.3174550221E+00
  0.3129966124E+00  0.5353370344E-01 -0.9482443057E+00
  0.1467035479E+00 -0.9891526795E+00 -0.7419282823E-02
 Stress tensor stiffness:    1.000007
 Stress tensor polarizability:    0.999993
 
