 ----------------   CP     1,     Type (3,-3)   ----------------
 Corresponding nucleus:     2(N )
 Position (Bohr):       -3.530233963998    2.896679341240   -0.890005861278
 Position (Angstrom):   -1.868119362903    1.532856694678   -0.470970819358
 Density of all electrons:  0.1955161962E+03
 Density of Alpha electrons:  0.9784641857E+02
 Density of Beta electrons:  0.9766977765E+02
 Spin density of electrons:  0.1766409132E+00
 Lagrangian kinetic energy G(r):  0.1856076854E+02
 G(r) in X,Y,Z:  0.6414142773E+01  0.6218155152E+01  0.5928470611E+01
 Hamiltonian kinetic energy K(r):  0.3674002451E+06
 Potential energy density V(r): -0.3674188058E+06
 Energy density E(r) or H(r): -0.3674002451E+06
 Laplacian of electron density: -0.1469526737E+07
 Electron localization function (ELF):  0.9999990367E+00
 Localized orbital locator (LOL):  0.9990194647E+00
 Local information entropy: -0.1278642442E+01
 Interaction region indicator (IRI):  0.2651400538E-12
 Reduced density gradient (RDG):  0.1000000000E+03
 Reduced density gradient with promolecular approximation:  0.1000000000E+03
 Sign(lambda2)*rho: -0.1955161962E+03
 Sign(lambda2)*rho with promolecular approximation: -0.1931558467E+03
 Corr. hole for alpha, ref.:   0.00000   0.00000   0.00000 : -0.9513846255E-03
 Source function, ref.:   0.00000   0.00000   0.00000 :  0.2513533542E+05
 Wavefunction value for orbital       1 :  0.1526687155E-02
 Average local ionization energy (ALIE):  0.1393654826E+02
 van der Waals potential (probe atom: C ):  0.1609755483E+73 kcal/mol
 Delta-g (under promolecular approximation):  0.5125054602E-01
 Delta-g (under Hirshfeld partition):  0.7312436498E-01
 User-defined real space function:  0.1000000000E+01
 ESP from nuclear charges:  0.1260586545E+07
 ESP from electrons: -0.3488235205E+02
 Total ESP:  0.1260551663E+07 a.u. ( 0.3430136E+08 eV, 0.7910088E+09 kcal/mol)
 
 Note: Below information is for electron density
 
 Components of gradient in x/y/z are:
 -0.3318279771E-10  0.8066123900E-10  0.1056022410E-10
 Norm of gradient is:  0.8785699673E-10
 
 Components of Laplacian in x/y/z are:
 -0.4898412733E+06 -0.4898421007E+06 -0.4898433632E+06
 Total: -0.1469526737E+07
 
 Hessian matrix:
 -0.4898412733E+06 -0.3113443648E+01  0.2310788440E+01
 -0.3113443648E+01 -0.4898421007E+06 -0.1515628669E+01
  0.2310788440E+01 -0.1515628669E+01 -0.4898433632E+06
 Eigenvalues of Hessian: -0.4898450828E+06 -0.4898443488E+06 -0.4898373056E+06
 Eigenvectors (columns) of Hessian:
  0.7041946536E+00  0.1255502491E+00  0.6988183060E+00
  0.4605994808E+00  0.6682491969E+00 -0.5842012745E+00
 -0.5403313873E+00  0.7332667630E+00  0.4127491322E+00
 Determinant of Hessian: -0.1175354062E+18
 Ellipticity of electron density:    0.000001
 eta index:   -1.000016
 Stiffness:   -1.000014
 
 Stress tensor:
 -0.1224731466E+06  0.6592514315E+00 -0.4921601372E+00
  0.6592514315E+00 -0.1224729615E+06  0.3098542943E+00
 -0.4921601372E+00  0.3098542943E+00 -0.1224726977E+06
 Eigenvalues of stress tensor: -0.1224739786E+06 -0.1224724989E+06 -0.1224723283E+06
 Eigenvectors (columns) of stress tensor:
 -0.7029874514E+00  0.1266256656E+00 -0.6998389700E+00
  0.5807128552E+00  0.6702876223E+00 -0.4620466245E+00
 -0.4105864378E+00  0.7312184655E+00  0.5447369391E+00
 Stress tensor stiffness:    1.000013
 Stress tensor polarizability:    0.999987
 
