 ----------------   CP     1,     Type (3,-3)   ----------------
 Corresponding nucleus:     2(N )
 Position (Bohr):       -1.815193290046    2.513877386238   -2.622573474637
 Position (Angstrom):   -0.960558922476    1.330286623802   -1.387806116697
 Density of all electrons:  0.1955082313E+03
 Density of Alpha electrons:  0.9775406757E+02
 Density of Beta electrons:  0.9775416378E+02
 Spin density of electrons: -0.9621711864E-04
 Lagrangian kinetic energy G(r):  0.1873228806E+02
 G(r) in X,Y,Z:  0.6433781377E+01  0.6134778435E+01  0.6163728244E+01
 Hamiltonian kinetic energy K(r):  0.3674200342E+06
 Potential energy density V(r): -0.3674387665E+06
 Energy density E(r) or H(r): -0.3674200342E+06
 Laplacian of electron density: -0.1469605208E+07
 Electron localization function (ELF):  0.9999990186E+00
 Localized orbital locator (LOL):  0.9990103450E+00
 Local information entropy:  0.1587639512E+00
 Interaction region indicator (IRI):  0.3193767059E-12
 Reduced density gradient (RDG):  0.1000000000E+03
 Reduced density gradient with promolecular approximation:  0.1000000000E+03
 Sign(lambda2)*rho: -0.1955082313E+03
 Sign(lambda2)*rho with promolecular approximation: -0.1931653142E+03
 Corr. hole for alpha, ref.:   0.00000   0.00000   0.00000 : -0.7015960281E-03
 Source function, ref.:   0.00000   0.00000   0.00000 :  0.2879711078E+05
 Wavefunction value for orbital       1 : -0.3444387258E-05
 Average local ionization energy (ALIE):  0.1422119029E+02
 van der Waals potential (probe atom: C ):  0.1195990703E+79 kcal/mol
 Delta-g (under promolecular approximation):  0.4723771097E-01
 Delta-g (under Hirshfeld partition):  0.6788293740E-01
 User-defined real space function:  0.1000000000E+01
 ESP from nuclear charges:  0.3888822633E+07
 ESP from electrons: -0.5269667063E+02
 Total ESP:  0.3888769936E+07 a.u. ( 0.1058188E+09 eV, 0.2440242E+10 kcal/mol)
 
 Note: Below information is for electron density
 
 Components of gradient in x/y/z are:
  0.4898996960E-11 -0.1051827281E-09 -0.1055197867E-10
 Norm of gradient is:  0.1058241500E-09
 
 Components of Laplacian in x/y/z are:
 -0.4898676418E+06 -0.4898688845E+06 -0.4898686812E+06
 Total: -0.1469605208E+07
 
 Hessian matrix:
 -0.4898676418E+06  0.7297623615E+00  0.7190464306E+00
  0.7297623615E+00 -0.4898688845E+06 -0.2192868337E+00
  0.7190464306E+00 -0.2192868337E+00 -0.4898686812E+06
 Eigenvalues of Hessian: -0.4898695604E+06 -0.4898685561E+06 -0.4898670911E+06
 Eigenvectors (columns) of Hessian:
 -0.4692570116E+00 -0.6880546166E-01 -0.8803770019E+00
  0.6867801325E+00 -0.6551282466E+00 -0.3148650982E+00
  0.5550954032E+00  0.7523780891E+00 -0.3546777473E+00
 Determinant of Hessian: -0.1175542358E+18
 Ellipticity of electron density:    0.000002
 eta index:   -1.000005
 Stiffness:   -1.000003
 
 Stress tensor:
 -0.1224797780E+06 -0.1858866652E+00 -0.1576367977E+00
 -0.1858866652E+00 -0.1224794907E+06  0.4249288979E-01
 -0.1576367977E+00  0.4249288979E-01 -0.1224794978E+06
 Eigenvalues of stress tensor: -0.1224799082E+06 -0.1224795368E+06 -0.1224793215E+06
 Eigenvectors (columns) of stress tensor:
  0.8820932762E+00 -0.1052590500E-01  0.4709571716E+00
  0.3620958552E+00  0.6546492914E+00 -0.6635667992E+00
  0.3013271376E+00 -0.7558594516E+00 -0.5812731247E+00
 Stress tensor stiffness:    1.000005
 Stress tensor polarizability:    0.999995
 
