 ----------------   CP     1,     Type (3,-3)   ----------------
 Corresponding nucleus:     2(N )
 Position (Bohr):        3.085286758601   -1.978899779669   -1.546043929244
 Position (Angstrom):    1.632663441752   -1.047188666062   -0.818131214411
 Density of all electrons:  0.1954804440E+03
 Density of Alpha electrons:  0.9773967859E+02
 Density of Beta electrons:  0.9774076544E+02
 Spin density of electrons: -0.1086849966E-02
 Lagrangian kinetic energy G(r):  0.1868192465E+02
 G(r) in X,Y,Z:  0.6344102602E+01  0.6200066378E+01  0.6137755671E+01
 Hamiltonian kinetic energy K(r):  0.3673491586E+06
 Potential energy density V(r): -0.3673678405E+06
 Energy density E(r) or H(r): -0.3673491586E+06
 Laplacian of electron density: -0.1469321907E+07
 Electron localization function (ELF):  0.9999990234E+00
 Localized orbital locator (LOL):  0.9990127696E+00
 Local information entropy: -0.9018077490E+00
 Interaction region indicator (IRI):  0.2654138541E-12
 Reduced density gradient (RDG):  0.1000000000E+03
 Reduced density gradient with promolecular approximation:  0.1000000000E+03
 Sign(lambda2)*rho: -0.1954804440E+03
 Sign(lambda2)*rho with promolecular approximation: -0.1931637915E+03
 Corr. hole for alpha, ref.:   0.00000   0.00000   0.00000 : -0.6977425150E-02
 Source function, ref.:   0.00000   0.00000   0.00000 :  0.2939214243E+05
 Wavefunction value for orbital       1 :  0.1843552489E-05
 Average local ionization energy (ALIE):  0.1416730974E+02
 van der Waals potential (probe atom: C ):  0.2583670909E+77 kcal/mol
 Delta-g (under promolecular approximation):  0.4981131926E-01
 Delta-g (under Hirshfeld partition):  0.7064824349E-01
 User-defined real space function:  0.1000000000E+01
 ESP from nuclear charges:  0.2825052364E+07
 ESP from electrons: -0.3837106721E+02
 Total ESP:  0.2825013993E+07 a.u. ( 0.7687254E+08 eV, 0.1772725E+10 kcal/mol)
 
 Note: Below information is for electron density
 
 Components of gradient in x/y/z are:
  0.6601424059E-10  0.4841155051E-10 -0.3209567801E-10
 Norm of gradient is:  0.8793003316E-10
 
 Components of Laplacian in x/y/z are:
 -0.4897734903E+06 -0.4897740988E+06 -0.4897743174E+06
 Total: -0.1469321907E+07
 
 Hessian matrix:
 -0.4897734903E+06 -0.3834017890E+00 -0.8882878709E+00
 -0.3834017890E+00 -0.4897740988E+06  0.3293569023E+00
 -0.8882878709E+00  0.3293569023E+00 -0.4897743174E+06
 Eigenvalues of Hessian: -0.4897748914E+06 -0.4897742756E+06 -0.4897727395E+06
 Eigenvectors (columns) of Hessian:
 -0.5113324681E+00  0.3499867445E+00  0.7848874988E+00
  0.1069866225E+00  0.9321346113E+00 -0.3459464251E+00
 -0.8526974667E+00 -0.9292117687E-01 -0.5140745911E+00
 Determinant of Hessian: -0.1174862649E+18
 Ellipticity of electron density:    0.000001
 eta index:   -1.000004
 Stiffness:   -1.000003
 
 Stress tensor:
 -0.1224560608E+06  0.8270820661E-01  0.1932692221E+00
  0.8270820661E-01 -0.1224559248E+06 -0.7163391649E-01
  0.1932692221E+00 -0.7163391649E-01 -0.1224558549E+06
 Eigenvalues of stress tensor: -0.1224562167E+06 -0.1224558871E+06 -0.1224557366E+06
 Eigenvectors (columns) of stress tensor:
  0.7969171328E+00 -0.3577625460E+00  0.4867535764E+00
 -0.3471567360E+00 -0.9306481229E+00 -0.1156558347E+00
 -0.4943736280E+00  0.7681166660E-01  0.8658491114E+00
 Stress tensor stiffness:    1.000004
 Stress tensor polarizability:    0.999996
 
