 ----------------   CP     1,     Type (3,-3)   ----------------
 Corresponding nucleus:     2(N )
 Position (Bohr):        1.342196851142   -2.633386249778    2.507623375655
 Position (Angstrom):    0.710259986170   -1.393527990888    1.326977143924
 Density of all electrons:  0.1954921020E+03
 Density of Alpha electrons:  0.9774605099E+02
 Density of Beta electrons:  0.9774605099E+02
 Spin density of electrons:  0.0000000000E+00
 Lagrangian kinetic energy G(r):  0.1872393408E+02
 G(r) in X,Y,Z:  0.6272278009E+01  0.6153652158E+01  0.6298003910E+01
 Hamiltonian kinetic energy K(r):  0.3673831600E+06
 Potential energy density V(r): -0.3674018839E+06
 Energy density E(r) or H(r): -0.3673831600E+06
 Laplacian of electron density: -0.1469457744E+07
 Electron localization function (ELF):  0.9999990192E+00
 Localized orbital locator (LOL):  0.9990106500E+00
 Local information entropy:  0.1616101125E+00
 Interaction region indicator (IRI):  0.2673179349E-12
 Reduced density gradient (RDG):  0.1000000000E+03
 Reduced density gradient with promolecular approximation:  0.1000000000E+03
 Sign(lambda2)*rho: -0.1954921020E+03
 Sign(lambda2)*rho with promolecular approximation: -0.1931647936E+03
 Corr. hole for alpha, ref.:   0.00000   0.00000   0.00000 : -0.3165923080E-01
 Source function, ref.:   0.00000   0.00000   0.00000 :  0.3016815885E+05
 Wavefunction value for orbital       1 :  0.1480113286E-04
 Average local ionization energy (ALIE):  0.1411703096E+02
 van der Waals potential (probe atom: C ):  0.1196695594E+78 kcal/mol
 Delta-g (under promolecular approximation):  0.4953043223E-01
 Delta-g (under Hirshfeld partition):  0.7049065813E-01
 User-defined real space function:  0.1000000000E+01
 ESP from nuclear charges:  0.3210014204E+07
 ESP from electrons: -0.5285482354E+02
 Total ESP:  0.3209961350E+07 a.u. ( 0.8734749E+08 eV, 0.2014283E+10 kcal/mol)
 
 Note: Below information is for electron density
 
 Components of gradient in x/y/z are:
 -0.1776148838E-10  0.5565523339E-10  0.6656633266E-10
 Norm of gradient is:  0.8856665353E-10
 
 Components of Laplacian in x/y/z are:
 -0.4898191327E+06 -0.4898196347E+06 -0.4898189767E+06
 Total: -0.1469457744E+07
 
 Hessian matrix:
 -0.4898191327E+06 -0.2637129271E+00  0.4387426094E+00
 -0.2637129271E+00 -0.4898196347E+06 -0.7414937551E+00
  0.4387426094E+00 -0.7414937551E+00 -0.4898189767E+06
 Eigenvalues of Hessian: -0.4898201173E+06 -0.4898194162E+06 -0.4898182106E+06
 Eigenvectors (columns) of Hessian:
  0.2200000051E-01 -0.8741130154E+00  0.4852241093E+00
 -0.8343138019E+00 -0.2834674930E+00 -0.4728283624E+00
 -0.5508506875E+00  0.3944269472E+00  0.7355208382E+00
 Determinant of Hessian: -0.1175188524E+18
 Ellipticity of electron density:    0.000001
 eta index:   -1.000004
 Stiffness:   -1.000002
 
 Stress tensor:
 -0.1224673277E+06  0.5608574344E-01 -0.8278221767E-01
  0.5608574344E-01 -0.1224672160E+06  0.1687300638E+00
 -0.8278221767E-01  0.1687300638E+00 -0.1224673402E+06
 Eigenvalues of stress tensor: -0.1224675121E+06 -0.1224672735E+06 -0.1224670983E+06
 Eigenvectors (columns) of stress tensor:
 -0.4767007550E+00  0.8790398316E+00  0.6735321399E-02
  0.5016227912E+00  0.2783046240E+00 -0.8190977424E+00
 -0.7218940126E+00 -0.3870859215E+00 -0.5736144383E+00
 Stress tensor stiffness:    1.000003
 Stress tensor polarizability:    0.999997
 
