 ----------------   CP     1,     Type (3,-3)   ----------------
 Corresponding nucleus:     2(N )
 Position (Bohr):       -2.796795318437    2.761685212253   -0.864978231597
 Position (Angstrom):   -1.480000346077    1.461420878012   -0.457726768089
 Density of all electrons:  0.1954669063E+03
 Density of Alpha electrons:  0.9773185479E+02
 Density of Beta electrons:  0.9773505151E+02
 Spin density of electrons: -0.3196720080E-02
 Lagrangian kinetic energy G(r):  0.1863528915E+02
 G(r) in X,Y,Z:  0.6259825934E+01  0.6248379419E+01  0.6127083796E+01
 Hamiltonian kinetic energy K(r):  0.3673145414E+06
 Potential energy density V(r): -0.3673331767E+06
 Energy density E(r) or H(r): -0.3673145414E+06
 Laplacian of electron density: -0.1469183625E+07
 Electron localization function (ELF):  0.9999990281E+00
 Localized orbital locator (LOL):  0.9990151180E+00
 Local information entropy: -0.1343136508E+01
 Interaction region indicator (IRI):  0.5368881226E-13
 Reduced density gradient (RDG):  0.1000000000E+03
 Reduced density gradient with promolecular approximation:  0.1000000000E+03
 Sign(lambda2)*rho: -0.1954669063E+03
 Sign(lambda2)*rho with promolecular approximation: -0.1931644063E+03
 Corr. hole for alpha, ref.:   0.00000   0.00000   0.00000 : -0.2050982636E-01
 Source function, ref.:   0.00000   0.00000   0.00000 :  0.2905004600E+05
 Wavefunction value for orbital       1 :  0.4662659918E+01
 Average local ionization energy (ALIE):  0.1432857813E+02
 van der Waals potential (probe atom: C ):  0.2411839951E+78 kcal/mol
 Delta-g (under promolecular approximation):  0.4905073887E-01
 Delta-g (under Hirshfeld partition):  0.6948127948E-01
 User-defined real space function:  0.1000000000E+01
 ESP from nuclear charges:  0.3403049327E+07
 ESP from electrons: -0.3559633853E+02
 Total ESP:  0.3403013731E+07 a.u. ( 0.9260071E+08 eV, 0.2135425E+10 kcal/mol)
 
 Note: Below information is for electron density
 
 Components of gradient in x/y/z are:
  0.1494708385E-10 -0.7821167173E-11  0.5633430047E-11
 Norm of gradient is:  0.1778542959E-10
 
 Components of Laplacian in x/y/z are:
 -0.4897276898E+06 -0.4897277105E+06 -0.4897282243E+06
 Total: -0.1469183625E+07
 
 Hessian matrix:
 -0.4897276898E+06 -0.4801311238E+00  0.2726123513E+00
 -0.4801311238E+00 -0.4897277105E+06 -0.1739765826E+00
  0.2726123513E+00 -0.1739765826E+00 -0.4897282243E+06
 Eigenvalues of Hessian: -0.4897283410E+06 -0.4897281554E+06 -0.4897271281E+06
 Eigenvectors (columns) of Hessian:
 -0.4387613573E+00  0.5652065019E+00 -0.6985914983E+00
 -0.8732915986E-01  0.7469190797E+00  0.6591551458E+00
  0.8943500932E+00  0.3502192151E+00 -0.2783602202E+00
 Determinant of Hessian: -0.1174530971E+18
 Ellipticity of electron density:    0.000000
 eta index:   -1.000002
 Stiffness:   -1.000002
 
 Stress tensor:
 -0.1224444421E+06  0.1029879072E+00 -0.5859989346E-01
  0.1029879072E+00 -0.1224444244E+06  0.3164137299E-01
 -0.5859989346E-01  0.3164137299E-01 -0.1224443102E+06
 Eigenvalues of stress tensor: -0.1224445538E+06 -0.1224443356E+06 -0.1224442873E+06
 Eigenvectors (columns) of stress tensor:
  0.7245117741E+00 -0.5554172431E+00 -0.4081597423E+00
 -0.6394075582E+00 -0.7627109961E+00 -0.9710772876E-01
  0.2573726167E+00 -0.3313361170E+00  0.9077310801E+00
 Stress tensor stiffness:    1.000002
 Stress tensor polarizability:    0.999998
 
