 ----------------   CP     1,     Type (3,-3)   ----------------
 Corresponding nucleus:     2(N )
 Position (Bohr):        3.878462684245   -2.866456933449   -0.478364606590
 Position (Angstrom):    2.052394065840   -1.516863685216   -0.253139648310
 Density of all electrons:  0.1954452503E+03
 Density of Alpha electrons:  0.9772159045E+02
 Density of Beta electrons:  0.9772365989E+02
 Spin density of electrons: -0.2069437719E-02
 Lagrangian kinetic energy G(r):  0.1874282078E+02
 G(r) in X,Y,Z:  0.6294680571E+01  0.6535539097E+01  0.5912601109E+01
 Hamiltonian kinetic energy K(r):  0.3672820107E+06
 Potential energy density V(r): -0.3673007535E+06
 Energy density E(r) or H(r): -0.3672820107E+06
 Laplacian of electron density: -0.1469053072E+07
 Electron localization function (ELF):  0.9999990165E+00
 Localized orbital locator (LOL):  0.9990092578E+00
 Local information entropy: -0.5656614093E+00
 Interaction region indicator (IRI):  0.3266534359E-12
 Reduced density gradient (RDG):  0.1000000000E+03
 Reduced density gradient with promolecular approximation:  0.1000000000E+03
 Sign(lambda2)*rho: -0.1954452503E+03
 Sign(lambda2)*rho with promolecular approximation: -0.1931628881E+03
 Corr. hole for alpha, ref.:   0.00000   0.00000   0.00000 : -0.1010402924E-03
 Source function, ref.:   0.00000   0.00000   0.00000 :  0.2412157737E+05
 Wavefunction value for orbital       1 :  0.2391996947E-03
 Average local ionization energy (ALIE):  0.1403181133E+02
 van der Waals potential (probe atom: C ):  0.1908215192E+76 kcal/mol
 Delta-g (under promolecular approximation):  0.5017395246E-01
 Delta-g (under Hirshfeld partition):  0.7145375038E-01
 User-defined real space function:  0.1000000000E+01
 ESP from nuclear charges:  0.2273665443E+07
 ESP from electrons: -0.3913723904E+02
 Total ESP:  0.2273626306E+07 a.u. ( 0.6186852E+08 eV, 0.1426723E+10 kcal/mol)
 
 Note: Below information is for electron density
 
 Components of gradient in x/y/z are:
 -0.6366643424E-10  0.8647984500E-10 -0.1320580155E-10
 Norm of gradient is:  0.1081969114E-09
 
 Components of Laplacian in x/y/z are:
 -0.4896841999E+06 -0.4896831415E+06 -0.4896857301E+06
 Total: -0.1469053072E+07
 
 Hessian matrix:
 -0.4896841999E+06 -0.1531186127E+01 -0.3604773978E+00
 -0.1531186127E+01 -0.4896831415E+06  0.3623724435E-03
 -0.3604773978E+00  0.3623724435E-03 -0.4896857301E+06
 Eigenvalues of Hessian: -0.4896858861E+06 -0.4896851467E+06 -0.4896820387E+06
 Eigenvectors (columns) of Hessian:
  0.3879674057E+00 -0.7134745131E+00 -0.5834684322E+00
  0.2163214307E+00 -0.5448815360E+00  0.8101290949E+00
  0.8959276370E+00  0.4405204092E+00  0.5705644847E-01
 Determinant of Hessian: -0.1174217889E+18
 Ellipticity of electron density:    0.000002
 eta index:   -1.000008
 Stiffness:   -1.000006
 
 Stress tensor:
 -0.1224336393E+06  0.3543662380E+00  0.7365396984E-01
  0.3543662380E+00 -0.1224338565E+06  0.8514646058E-02
  0.7365396984E-01  0.8514646058E-02 -0.1224332577E+06
 Eigenvalues of stress tensor: -0.1224341201E+06 -0.1224334050E+06 -0.1224332284E+06
 Eigenvectors (columns) of stress tensor:
 -0.5970442451E+00  0.7260330000E+00  0.3411953286E+00
  0.8010505644E+00  0.5624130120E+00  0.2049624286E+00
  0.4308320545E-01 -0.3956863490E+00  0.9173745967E+00
 Stress tensor stiffness:    1.000007
 Stress tensor polarizability:    0.999993
 
