 ----------------   CP     1,     Type (3,-3)   ----------------
 Corresponding nucleus:     2(N )
 Position (Bohr):        0.202869486079   -1.191905690549    2.796572366909
 Position (Angstrom):    0.107353908821   -0.630729328984    1.479882365210
 Density of all electrons:  0.1955121552E+03
 Density of Alpha electrons:  0.9775607762E+02
 Density of Beta electrons:  0.9775607762E+02
 Spin density of electrons:  0.0000000000E+00
 Lagrangian kinetic energy G(r):  0.1880992408E+02
 G(r) in X,Y,Z:  0.6344888614E+01  0.6368067652E+01  0.6096967809E+01
 Hamiltonian kinetic energy K(r):  0.3674363850E+06
 Potential energy density V(r): -0.3674551950E+06
 Energy density E(r) or H(r): -0.3674363850E+06
 Laplacian of electron density: -0.1469670300E+07
 Electron localization function (ELF):  0.9999990106E+00
 Localized orbital locator (LOL):  0.9990062807E+00
 Local information entropy:  0.1615424285E+00
 Interaction region indicator (IRI):  0.2311744216E-12
 Reduced density gradient (RDG):  0.1000000000E+03
 Reduced density gradient with promolecular approximation:  0.1000000000E+03
 Sign(lambda2)*rho: -0.1955121552E+03
 Sign(lambda2)*rho with promolecular approximation: -0.1931672079E+03
 Corr. hole for alpha, ref.:   0.00000   0.00000   0.00000 : -0.1017128221E-01
 Source function, ref.:   0.00000   0.00000   0.00000 :  0.3838618483E+05
 Wavefunction value for orbital       1 : -0.3064845176E-04
 Average local ionization energy (ALIE):  0.1409803915E+02
 van der Waals potential (probe atom: C ):  0.4023360428E+80 kcal/mol
 Delta-g (under promolecular approximation):  0.4906491391E-01
 Delta-g (under Hirshfeld partition):  0.7038704927E-01
 User-defined real space function:  0.1000000000E+01
 ESP from nuclear charges:  0.5212616324E+07
 ESP from electrons: -0.5499987934E+02
 Total ESP:  0.5212561324E+07 a.u. ( 0.1418410E+09 eV, 0.3270934E+10 kcal/mol)
 
 Note: Below information is for electron density
 
 Components of gradient in x/y/z are:
 -0.6621615380E-11  0.3700819536E-10  0.6673953680E-10
 Norm of gradient is:  0.7660037915E-10
 
 Components of Laplacian in x/y/z are:
 -0.4898898344E+06 -0.4898896589E+06 -0.4898908071E+06
 Total: -0.1469670300E+07
 
 Hessian matrix:
 -0.4898898344E+06  0.4389452683E-01  0.6546837584E+00
  0.4389452683E-01 -0.4898896589E+06 -0.2872712697E-01
  0.6546837584E+00 -0.2872712697E-01 -0.4898908071E+06
 Eigenvalues of Hessian: -0.4898911377E+06 -0.4898896619E+06 -0.4898895008E+06
 Eigenvectors (columns) of Hessian:
 -0.4494785701E+00 -0.1342393085E+00 -0.8831471129E+00
  0.3068288272E-01  0.9857408094E+00 -0.1654497430E+00
  0.8927640090E+00 -0.1014636132E+00 -0.4389505205E+00
 Determinant of Hessian: -0.1175698569E+18
 Ellipticity of electron density:    0.000003
 eta index:   -1.000003
 Stiffness:   -1.000000
 
 Stress tensor:
 -0.1224851484E+06 -0.2616648878E-01 -0.1565984400E+00
 -0.2616648878E-01 -0.1224851509E+06 -0.1427200975E-01
 -0.1565984400E+00 -0.1427200975E-01 -0.1224848957E+06
 Eigenvalues of stress tensor: -0.1224852339E+06 -0.1224851402E+06 -0.1224848208E+06
 Eigenvectors (columns) of stress tensor:
 -0.8487395242E+00 -0.3063644372E+00 -0.4310244213E+00
 -0.3373393367E+00  0.9413706373E+00 -0.4847190239E-02
 -0.4072387409E+00 -0.1412874904E+00  0.9023272427E+00
 Stress tensor stiffness:    1.000003
 Stress tensor polarizability:    0.999997
 
