 ----------------   CP     1,     Type (3,-3)   ----------------
 Corresponding nucleus:     2(N )
 Position (Bohr):       -1.751683679647    3.475706666587   -1.410669975430
 Position (Angstrom):   -0.926951083980    1.839264759742   -0.746494403102
 Density of all electrons:  0.1954693076E+03
 Density of Alpha electrons:  0.9775446853E+02
 Density of Beta electrons:  0.9771483905E+02
 Spin density of electrons:  0.3962948303E-01
 Lagrangian kinetic energy G(r):  0.1866439937E+02
 G(r) in X,Y,Z:  0.6070820912E+01  0.6758418446E+01  0.5835160016E+01
 Hamiltonian kinetic energy K(r):  0.3673259515E+06
 Potential energy density V(r): -0.3673446159E+06
 Energy density E(r) or H(r): -0.3673259515E+06
 Laplacian of electron density: -0.1469229148E+07
 Electron localization function (ELF):  0.9999990251E+00
 Localized orbital locator (LOL):  0.9990136012E+00
 Local information entropy: -0.8574410499E+00
 Interaction region indicator (IRI):  0.1869418178E-12
 Reduced density gradient (RDG):  0.1000000000E+03
 Reduced density gradient with promolecular approximation:  0.1000000000E+03
 Sign(lambda2)*rho: -0.1954693076E+03
 Sign(lambda2)*rho with promolecular approximation: -0.1931595152E+03
 Corr. hole for alpha, ref.:   0.00000   0.00000   0.00000 : -0.5034474541E-04
 Source function, ref.:   0.00000   0.00000   0.00000 :  0.2824151019E+05
 Wavefunction value for orbital       1 :  0.2998345430E-06
 Average local ionization energy (ALIE):  0.1383682928E+02
 van der Waals potential (probe atom: C ):  0.2697236024E+74 kcal/mol
 Delta-g (under promolecular approximation):  0.5032633598E-01
 Delta-g (under Hirshfeld partition):  0.7191473923E-01
 User-defined real space function:  0.1000000000E+01
 ESP from nuclear charges:  0.1594356875E+07
 ESP from electrons: -0.3799172302E+02
 Total ESP:  0.1594318883E+07 a.u. ( 0.4338362E+08 eV, 0.1000451E+10 kcal/mol)
 
 Note: Below information is for electron density
 
 Components of gradient in x/y/z are:
  0.7782083121E-11 -0.4704870594E-10 -0.3950998305E-10
 Norm of gradient is:  0.6192883262E-10
 
 Components of Laplacian in x/y/z are:
 -0.4897437221E+06 -0.4897407839E+06 -0.4897446424E+06
 Total: -0.1469229148E+07
 
 Hessian matrix:
 -0.4897437221E+06 -0.1630592239E+01  0.6004808344E+00
 -0.1630592239E+01 -0.4897407839E+06 -0.2015092032E+01
  0.6004808344E+00 -0.2015092032E+01 -0.4897446424E+06
 Eigenvalues of Hessian: -0.4897455091E+06 -0.4897443895E+06 -0.4897392498E+06
 Eigenvectors (columns) of Hessian:
  0.7042414764E-01  0.9295772232E+00 -0.3618378443E+00
  0.4117656407E+00  0.3033011623E+00  0.8593354770E+00
  0.9085645252E+00 -0.2095103603E+00 -0.3614082351E+00
 Determinant of Hessian: -0.1174640156E+18
 Ellipticity of electron density:    0.000002
 eta index:   -1.000013
 Stiffness:   -1.000010
 
 Stress tensor:
 -0.1224480722E+06  0.3575642703E+00 -0.1342280959E+00
  0.3575642703E+00 -0.1224487128E+06  0.4432707803E+00
 -0.1342280959E+00  0.4432707803E+00 -0.1224478309E+06
 Eigenvalues of stress tensor: -0.1224490466E+06 -0.1224479232E+06 -0.1224476460E+06
 Eigenvectors (columns) of stress tensor:
 -0.3647574845E+00  0.9301097249E+00  0.4298694126E-01
  0.8610843975E+00  0.3194037123E+00  0.3956196773E+00
 -0.3542395206E+00 -0.1813206227E+00  0.9174078667E+00
 Stress tensor stiffness:    1.000011
 Stress tensor polarizability:    0.999989
 
