 ----------------   CP     1,     Type (3,-3)   ----------------
 Corresponding nucleus:     2(N )
 Position (Bohr):        3.768242299165   -2.951101290331    0.495614652715
 Position (Angstrom):    1.994067949879   -1.561655549910    0.262267979606
 Density of all electrons:  0.1954465263E+03
 Density of Alpha electrons:  0.9772225655E+02
 Density of Beta electrons:  0.9772426977E+02
 Spin density of electrons: -0.2013217500E-02
 Lagrangian kinetic energy G(r):  0.1873866202E+02
 G(r) in X,Y,Z:  0.6188011861E+01  0.6539192644E+01  0.6011457515E+01
 Hamiltonian kinetic energy K(r):  0.3672847186E+06
 Potential energy density V(r): -0.3673034573E+06
 Energy density E(r) or H(r): -0.3672847186E+06
 Laplacian of electron density: -0.1469063920E+07
 Electron localization function (ELF):  0.9999990169E+00
 Localized orbital locator (LOL):  0.9990094881E+00
 Local information entropy: -0.5656746961E+00
 Interaction region indicator (IRI):  0.3480364906E-12
 Reduced density gradient (RDG):  0.1000000000E+03
 Reduced density gradient with promolecular approximation:  0.1000000000E+03
 Sign(lambda2)*rho: -0.1954465263E+03
 Sign(lambda2)*rho with promolecular approximation: -0.1931628583E+03
 Corr. hole for alpha, ref.:   0.00000   0.00000   0.00000 : -0.1224757356E-02
 Source function, ref.:   0.00000   0.00000   0.00000 :  0.2429490261E+05
 Wavefunction value for orbital       1 :  0.2426852529E-03
 Average local ionization energy (ALIE):  0.1403109298E+02
 van der Waals potential (probe atom: C ):  0.1893971160E+76 kcal/mol
 Delta-g (under promolecular approximation):  0.5010176484E-01
 Delta-g (under Hirshfeld partition):  0.7133738066E-01
 User-defined real space function:  0.1000000000E+01
 ESP from nuclear charges:  0.2272246245E+07
 ESP from electrons: -0.3911934226E+02
 Total ESP:  0.2272207126E+07 a.u. ( 0.6182990E+08 eV, 0.1425833E+10 kcal/mol)
 
 Note: Below information is for electron density
 
 Components of gradient in x/y/z are:
  0.6631570947E-10  0.9421071483E-10 -0.4017717325E-11
 Norm of gradient is:  0.1152804154E-09
 
 Components of Laplacian in x/y/z are:
 -0.4896882563E+06 -0.4896867307E+06 -0.4896889329E+06
 Total: -0.1469063920E+07
 
 Hessian matrix:
 -0.4896882563E+06 -0.1560836291E+01  0.6064808039E+00
 -0.1560836291E+01 -0.4896867307E+06 -0.2798663540E+00
  0.6064808039E+00 -0.2798663540E+00 -0.4896889329E+06
 Eigenvalues of Hessian: -0.4896895051E+06 -0.4896887550E+06 -0.4896856598E+06
 Eigenvectors (columns) of Hessian:
  0.7233429284E+00  0.4345739188E+00 -0.5365822556E+00
  0.3467072087E+00  0.4434492965E+00  0.8265269705E+00
 -0.5971340883E+00  0.7838993753E+00 -0.1700960024E+00
 Determinant of Hessian: -0.1174243902E+18
 Ellipticity of electron density:    0.000002
 eta index:   -1.000008
 Stiffness:   -1.000006
 
 Stress tensor:
 -0.1224344401E+06  0.3637534560E+00 -0.1465208440E+00
  0.3637534560E+00 -0.1224347611E+06  0.5739250930E-01
 -0.1465208440E+00  0.5739250930E-01 -0.1224342561E+06
 Eigenvalues of stress tensor: -0.1224350199E+06 -0.1224343102E+06 -0.1224341271E+06
 Eigenvectors (columns) of stress tensor:
 -0.5539465446E+00  0.4615094936E+00 -0.6929301646E+00
  0.8155192259E+00  0.4682818212E+00 -0.3400595950E+00
 -0.1675458680E+00  0.7534727090E+00  0.6357729617E+00
 Stress tensor stiffness:    1.000007
 Stress tensor polarizability:    0.999993
 
