 ----------------   CP     1,     Type (3,-3)   ----------------
 Corresponding nucleus:     2(N )
 Position (Bohr):        3.898368452597   -2.794930553043   -0.635175135372
 Position (Angstrom):    2.062927744818   -1.479013554727   -0.336120206571
 Density of all electrons:  0.1955263048E+03
 Density of Alpha electrons:  0.9781020465E+02
 Density of Beta electrons:  0.9771610017E+02
 Spin density of electrons:  0.9410448166E-01
 Lagrangian kinetic energy G(r):  0.1867581514E+02
 G(r) in X,Y,Z:  0.6329650015E+01  0.6512457071E+01  0.5833708057E+01
 Hamiltonian kinetic energy K(r):  0.3674319106E+06
 Potential energy density V(r): -0.3674505865E+06
 Energy density E(r) or H(r): -0.3674319106E+06
 Laplacian of electron density: -0.1469652939E+07
 Electron localization function (ELF):  0.9999990249E+00
 Localized orbital locator (LOL):  0.9990134776E+00
 Local information entropy: -0.5364954214E+00
 Interaction region indicator (IRI):  0.2080058212E-12
 Reduced density gradient (RDG):  0.1000000000E+03
 Reduced density gradient with promolecular approximation:  0.1000000000E+03
 Sign(lambda2)*rho: -0.1955263048E+03
 Sign(lambda2)*rho with promolecular approximation: -0.1931618503E+03
 Corr. hole for alpha, ref.:   0.00000   0.00000   0.00000 : -0.3271356123E-05
 Source function, ref.:   0.00000   0.00000   0.00000 :  0.2417031548E+05
 Wavefunction value for orbital       1 : -0.5214784868E-04
 Average local ionization energy (ALIE):  0.1376457878E+02
 van der Waals potential (probe atom: C ):  0.4820386506E+75 kcal/mol
 Delta-g (under promolecular approximation):  0.4917508983E-01
 Delta-g (under Hirshfeld partition):  0.7047145507E-01
 User-defined real space function:  0.1000000000E+01
 ESP from nuclear charges:  0.2027363439E+07
 ESP from electrons: -0.3948975311E+02
 Total ESP:  0.2027323949E+07 a.u. ( 0.5516629E+08 eV, 0.1272166E+10 kcal/mol)
 
 Note: Below information is for electron density
 
 Components of gradient in x/y/z are:
 -0.6536657429E-10  0.1741963678E-10  0.1322714140E-10
 Norm of gradient is:  0.6892887674E-10
 
 Components of Laplacian in x/y/z are:
 -0.4898839021E+06 -0.4898830994E+06 -0.4898859378E+06
 Total: -0.1469652939E+07
 
 Hessian matrix:
 -0.4898839021E+06 -0.1930514965E+01 -0.4399859535E+00
 -0.1930514965E+01 -0.4898830994E+06 -0.6780088332E-02
 -0.4399859535E+00 -0.6780088332E-02 -0.4898859378E+06
 Eigenvalues of Hessian: -0.4898861344E+06 -0.4898852928E+06 -0.4898815121E+06
 Eigenvectors (columns) of Hessian:
  0.3915966641E+00  0.6668286583E+00  0.6340280696E+00
  0.2510682489E+00  0.5854757508E+00 -0.7708325886E+00
  0.8852213210E+00 -0.4610397875E+00 -0.6185084733E-01
 Determinant of Hessian: -0.1175656904E+18
 Ellipticity of electron density:    0.000002
 eta index:   -1.000009
 Stiffness:   -1.000008
 
 Stress tensor:
 -0.1224836348E+06  0.4454637987E+00  0.9583138476E-01
  0.4454637987E+00 -0.1224837998E+06  0.2104822970E-02
  0.9583138476E-01  0.2104822970E-02 -0.1224831519E+06
 Eigenvalues of stress tensor: -0.1224841738E+06 -0.1224833010E+06 -0.1224831116E+06
 Eigenvectors (columns) of stress tensor:
 -0.6421193630E+00  0.6708480652E+00  0.3710061955E+00
  0.7643586945E+00  0.5972848318E+00  0.2429127743E+00
  0.5863880843E-01 -0.4395608071E+00  0.8962967070E+00
 Stress tensor stiffness:    1.000009
 Stress tensor polarizability:    0.999991
 
