 ----------------   CP     1,     Type (3,-3)   ----------------
 Corresponding nucleus:     2(N )
 Position (Bohr):       -3.128596542969   -2.946141468812   -0.659462030167
 Position (Angstrom):   -1.655581992649   -1.559030925391   -0.348972277820
 Density of all electrons:  0.1955072289E+03
 Density of Alpha electrons:  0.9781502401E+02
 Density of Beta electrons:  0.9769220487E+02
 Spin density of electrons:  0.1228191340E+00
 Lagrangian kinetic energy G(r):  0.1855372171E+02
 G(r) in X,Y,Z:  0.6305195098E+01  0.6465868944E+01  0.5782657664E+01
 Hamiltonian kinetic energy K(r):  0.3673855039E+06
 Potential energy density V(r): -0.3674040576E+06
 Energy density E(r) or H(r): -0.3673855039E+06
 Laplacian of electron density: -0.1469467801E+07
 Electron localization function (ELF):  0.9999990373E+00
 Localized orbital locator (LOL):  0.9990197615E+00
 Local information entropy: -0.1278495014E+01
 Interaction region indicator (IRI):  0.3972738064E-12
 Reduced density gradient (RDG):  0.1000000000E+03
 Reduced density gradient with promolecular approximation:  0.1000000000E+03
 Sign(lambda2)*rho: -0.1955072289E+03
 Sign(lambda2)*rho with promolecular approximation: -0.1931573930E+03
 Corr. hole for alpha, ref.:   0.00000   0.00000   0.00000 : -0.1667571138E-01
 Source function, ref.:   0.00000   0.00000   0.00000 :  0.2689599686E+05
 Wavefunction value for orbital       1 :  0.5005813142E+01
 Average local ionization energy (ALIE):  0.1395343783E+02
 van der Waals potential (probe atom: C ):  0.5346967779E+73 kcal/mol
 Delta-g (under promolecular approximation):  0.5125060163E-01
 Delta-g (under Hirshfeld partition):  0.7300668825E-01
 User-defined real space function:  0.1000000000E+01
 ESP from nuclear charges:  0.1393214114E+07
 ESP from electrons: -0.3520725143E+02
 Total ESP:  0.1393178907E+07 a.u. ( 0.3791033E+08 eV, 0.8742337E+09 kcal/mol)
 
 Note: Below information is for electron density
 
 Components of gradient in x/y/z are:
 -0.1057182151E-09 -0.7692214881E-10 -0.1530451516E-10
 Norm of gradient is:  0.1316342895E-09
 
 Components of Laplacian in x/y/z are:
 -0.4898221136E+06 -0.4898213724E+06 -0.4898243147E+06
 Total: -0.1469467801E+07
 
 Hessian matrix:
 -0.4898221136E+06  0.3039053802E+01  0.1135349274E+01
  0.3039053802E+01 -0.4898213724E+06  0.8233834010E+00
  0.1135349274E+01  0.8233834010E+00 -0.4898243147E+06
 Eigenvalues of Hessian: -0.4898250267E+06 -0.4898244084E+06 -0.4898183656E+06
 Eigenvectors (columns) of Hessian:
 -0.6834884296E+00  0.3244903741E+00  0.6538727428E+00
  0.4366018741E+00 -0.5361463933E+00  0.7224443566E+00
  0.5849977523E+00  0.7792644237E+00  0.2247767510E+00
 Determinant of Hessian: -0.1175212652E+18
 Ellipticity of electron density:    0.000001
 eta index:   -1.000014
 Stiffness:   -1.000012
 
 Stress tensor:
 -0.1224681388E+06 -0.6577489988E+00 -0.2470840147E+00
 -0.6577489988E+00 -0.1224682748E+06 -0.1684017438E+00
 -0.2470840147E+00 -0.1684017438E+00 -0.1224676440E+06
 Eigenvalues of stress tensor: -0.1224689337E+06 -0.1224676329E+06 -0.1224674910E+06
 Eigenvectors (columns) of stress tensor:
 -0.6615836817E+00  0.3391781038E+00  0.6687789217E+00
 -0.7167695049E+00 -0.5480923691E+00 -0.4310872670E+00
 -0.2203372618E+00  0.7645606378E+00 -0.6057214890E+00
 Stress tensor stiffness:    1.000012
 Stress tensor polarizability:    0.999988
 
