 ----------------   CP     1,     Type (3,-3)   ----------------
 Corresponding nucleus:     2(N )
 Position (Bohr):        2.912267944597   -2.555472420927    1.259777487267
 Position (Angstrom):    1.541105828324   -1.352297768246    0.666645537071
 Density of all electrons:  0.1954530687E+03
 Density of Alpha electrons:  0.9773769493E+02
 Density of Beta electrons:  0.9771537373E+02
 Spin density of electrons:  0.2232119356E-01
 Lagrangian kinetic energy G(r):  0.1864308523E+02
 G(r) in X,Y,Z:  0.6316789126E+01  0.6280596088E+01  0.6045700017E+01
 Hamiltonian kinetic energy K(r):  0.3672924528E+06
 Potential energy density V(r): -0.3673110958E+06
 Energy density E(r) or H(r): -0.3672924528E+06
 Laplacian of electron density: -0.1469095239E+07
 Electron localization function (ELF):  0.9999990271E+00
 Localized orbital locator (LOL):  0.9990145902E+00
 Local information entropy: -0.1277604674E+01
 Interaction region indicator (IRI):  0.8673596376E-13
 Reduced density gradient (RDG):  0.1000000000E+03
 Reduced density gradient with promolecular approximation:  0.1000000000E+03
 Sign(lambda2)*rho: -0.1954530687E+03
 Sign(lambda2)*rho with promolecular approximation: -0.1931596558E+03
 Corr. hole for alpha, ref.:   0.00000   0.00000   0.00000 : -0.3823882439E-01
 Source function, ref.:   0.00000   0.00000   0.00000 :  0.2869471800E+05
 Wavefunction value for orbital       1 :  0.6216581371E+01
 Average local ionization energy (ALIE):  0.1397451636E+02
 van der Waals potential (probe atom: C ):  0.4075869676E+74 kcal/mol
 Delta-g (under promolecular approximation):  0.5117984627E-01
 Delta-g (under Hirshfeld partition):  0.7279520965E-01
 User-defined real space function:  0.1000000000E+01
 ESP from nuclear charges:  0.1650161874E+07
 ESP from electrons: -0.3562419848E+02
 Total ESP:  0.1650126250E+07 a.u. ( 0.4490222E+08 eV, 0.1035471E+10 kcal/mol)
 
 Note: Below information is for electron density
 
 Components of gradient in x/y/z are:
 -0.1163060308E-10 -0.2439127293E-10  0.9759458263E-11
 Norm of gradient is:  0.2873068305E-10
 
 Components of Laplacian in x/y/z are:
 -0.4896980073E+06 -0.4896981430E+06 -0.4896990884E+06
 Total: -0.1469095239E+07
 
 Hessian matrix:
 -0.4896980073E+06 -0.2005233104E+01  0.1860482413E+01
 -0.2005233104E+01 -0.4896981430E+06 -0.1305831379E+01
  0.1860482413E+01 -0.1305831379E+01 -0.4896990884E+06
 Eigenvalues of Hessian: -0.4897005133E+06 -0.4896998578E+06 -0.4896948676E+06
 Eigenvectors (columns) of Hessian:
  0.6722301214E+00 -0.3434054924E+00  0.6558805772E+00
  0.1719889255E+00 -0.7892412729E+00 -0.5895065926E+00
 -0.7200878234E+00 -0.5090882840E+00  0.4714898151E+00
 Determinant of Hessian: -0.1174319005E+18
 Ellipticity of electron density:    0.000001
 eta index:   -1.000012
 Stiffness:   -1.000010
 
 Stress tensor:
 -0.1224371354E+06  0.4552449487E+00 -0.4137396801E+00
  0.4552449487E+00 -0.1224370969E+06  0.2823076623E+00
 -0.4137396801E+00  0.2823076623E+00 -0.1224368635E+06
 Eigenvalues of stress tensor: -0.1224378268E+06 -0.1224367120E+06 -0.1224365571E+06
 Eigenvectors (columns) of stress tensor:
 -0.6636133934E+00  0.3518566806E+00  0.6601622077E+00
  0.5912412341E+00  0.7873489221E+00  0.1746867999E+00
 -0.4583132850E+00  0.5062396184E+00 -0.7305274680E+00
 Stress tensor stiffness:    1.000010
 Stress tensor polarizability:    0.999990
 
