 ----------------   CP     1,     Type (3,-3)   ----------------
 Corresponding nucleus:     2(N )
 Position (Bohr):       -0.557353250904   -4.036070419188   -0.836154118572
 Position (Angstrom):   -0.294938638801   -2.135796487434   -0.442473704351
 Density of all electrons:  0.1954592123E+03
 Density of Alpha electrons:  0.9775026432E+02
 Density of Beta electrons:  0.9770894794E+02
 Spin density of electrons:  0.4131637628E-01
 Lagrangian kinetic energy G(r):  0.1867932283E+02
 G(r) in X,Y,Z:  0.5711077762E+01  0.7054013574E+01  0.5914231490E+01
 Hamiltonian kinetic energy K(r):  0.3673037779E+06
 Potential energy density V(r): -0.3673224572E+06
 Energy density E(r) or H(r): -0.3673037779E+06
 Laplacian of electron density: -0.1469140394E+07
 Electron localization function (ELF):  0.9999990234E+00
 Localized orbital locator (LOL):  0.9990127284E+00
 Local information entropy: -0.8573104834E+00
 Interaction region indicator (IRI):  0.4890452489E-12
 Reduced density gradient (RDG):  0.1000000000E+03
 Reduced density gradient with promolecular approximation:  0.1000000000E+03
 Sign(lambda2)*rho: -0.1954592123E+03
 Sign(lambda2)*rho with promolecular approximation: -0.1931594860E+03
 Corr. hole for alpha, ref.:   0.00000   0.00000   0.00000 : -0.6299724212E-03
 Source function, ref.:   0.00000   0.00000   0.00000 :  0.2810830401E+05
 Wavefunction value for orbital       1 :  0.8427069802E-06
 Average local ionization energy (ALIE):  0.1384032437E+02
 van der Waals potential (probe atom: C ):  0.2228674491E+74 kcal/mol
 Delta-g (under promolecular approximation):  0.5065161522E-01
 Delta-g (under Hirshfeld partition):  0.7250691263E-01
 User-defined real space function:  0.1000000000E+01
 ESP from nuclear charges:  0.1569204645E+07
 ESP from electrons: -0.3793860224E+02
 Total ESP:  0.1569166706E+07 a.u. ( 0.4269920E+08 eV, 0.9846678E+09 kcal/mol)
 
 Note: Below information is for electron density
 
 Components of gradient in x/y/z are:
 -0.1688962674E-10  0.1590276960E-09 -0.2585388543E-10
 Norm of gradient is:  0.1619984289E-09
 
 Components of Laplacian in x/y/z are:
 -0.4897156562E+06 -0.4897099463E+06 -0.4897147917E+06
 Total: -0.1469140394E+07
 
 Hessian matrix:
 -0.4897156562E+06  0.1148689327E+01 -0.8359463390E-01
  0.1148689327E+01 -0.4897099463E+06  0.1118274536E+01
 -0.8359463390E-01  0.1118274536E+01 -0.4897147917E+06
 Eigenvalues of Hessian: -0.4897159666E+06 -0.4897149257E+06 -0.4897095020E+06
 Eigenvectors (columns) of Hessian:
  0.9301973616E+00 -0.3215071242E+00 -0.1771045949E+00
 -0.2305415033E+00 -0.1362758895E+00 -0.9634726240E+00
  0.2856282264E+00  0.9370496524E+00 -0.2008842086E+00
 Determinant of Hessian: -0.1174427293E+18
 Ellipticity of electron density:    0.000002
 eta index:   -1.000013
 Stiffness:   -1.000011
 
 Stress tensor:
 -0.1224403362E+06 -0.2635103068E+00  0.2418806366E-01
 -0.2635103068E+00 -0.1224415946E+06 -0.2519393964E+00
  0.2418806366E-01 -0.2519393964E+00 -0.1224405264E+06
 Eigenvalues of stress tensor: -0.1224416978E+06 -0.1224405001E+06 -0.1224402593E+06
 Eigenvectors (columns) of stress tensor:
 -0.1825633154E+00 -0.3467076698E+00  0.9200350143E+00
 -0.9619825559E+00 -0.1303374087E+00 -0.2400035874E+00
 -0.2031260642E+00  0.9288734853E+00  0.3097319009E+00
 Stress tensor stiffness:    1.000012
 Stress tensor polarizability:    0.999988
 
