 ----------------   CP     1,     Type (3,-3)   ----------------
 Corresponding nucleus:     2(N )
 Position (Bohr):        2.875439807356    2.722589331664   -0.797251119104
 Position (Angstrom):    1.521617217376    1.440732228964   -0.421887123597
 Density of all electrons:  0.1954666836E+03
 Density of Alpha electrons:  0.9773325760E+02
 Density of Beta electrons:  0.9773342604E+02
 Spin density of electrons: -0.1684422335E-03
 Lagrangian kinetic energy G(r):  0.1863866701E+02
 G(r) in X,Y,Z:  0.6272202782E+01  0.6257823136E+01  0.6108641089E+01
 Hamiltonian kinetic energy K(r):  0.3673136069E+06
 Potential energy density V(r): -0.3673322455E+06
 Energy density E(r) or H(r): -0.3673136069E+06
 Laplacian of electron density: -0.1469179873E+07
 Electron localization function (ELF):  0.9999990277E+00
 Localized orbital locator (LOL):  0.9990149378E+00
 Local information entropy: -0.1343132729E+01
 Interaction region indicator (IRI):  0.3978776568E-12
 Reduced density gradient (RDG):  0.1000000000E+03
 Reduced density gradient with promolecular approximation:  0.1000000000E+03
 Sign(lambda2)*rho: -0.1954666836E+03
 Sign(lambda2)*rho with promolecular approximation: -0.1931646010E+03
 Corr. hole for alpha, ref.:   0.00000   0.00000   0.00000 : -0.3130465530E-02
 Source function, ref.:   0.00000   0.00000   0.00000 :  0.2894375340E+05
 Wavefunction value for orbital       1 : -0.1455703154E+00
 Average local ionization energy (ALIE):  0.1433338937E+02
 van der Waals potential (probe atom: C ):  0.3468349517E+78 kcal/mol
 Delta-g (under promolecular approximation):  0.4900899223E-01
 Delta-g (under Hirshfeld partition):  0.6944141918E-01
 User-defined real space function:  0.1000000000E+01
 ESP from nuclear charges:  0.3507648325E+07
 ESP from electrons: -0.3562244439E+02
 Total ESP:  0.3507612703E+07 a.u. ( 0.9544700E+08 eV, 0.2201062E+10 kcal/mol)
 
 Note: Below information is for electron density
 
 Components of gradient in x/y/z are:
 -0.1034918150E-09 -0.8022765216E-10 -0.1501135844E-10
 Norm of gradient is:  0.1318042975E-09
 
 Components of Laplacian in x/y/z are:
 -0.4897263836E+06 -0.4897264275E+06 -0.4897270617E+06
 Total: -0.1469179873E+07
 
 Hessian matrix:
 -0.4897263836E+06  0.4491138707E+00 -0.1112035909E+00
  0.4491138707E+00 -0.4897264275E+06 -0.5243868764E-01
 -0.1112035909E+00 -0.5243868764E-01 -0.4897270617E+06
 Eigenvalues of Hessian: -0.4897270804E+06 -0.4897268486E+06 -0.4897259437E+06
 Eigenvectors (columns) of Hessian:
 -0.1899001552E+00  0.6639561530E+00 -0.7232566336E+00
  0.5187735030E-01 -0.7288466022E+00 -0.6827088478E+00
 -0.9804318801E+00 -0.1671671539E+00  0.1039637969E+00
 Determinant of Hessian: -0.1174521973E+18
 Ellipticity of electron density:    0.000000
 eta index:   -1.000002
 Stiffness:   -1.000002
 
 Stress tensor:
 -0.1224441403E+06 -0.9296632816E-01  0.1829999427E-01
 -0.9296632816E-01 -0.1224441225E+06  0.6075399415E-02
  0.1829999427E-01  0.6075399415E-02 -0.1224439827E+06
 Eigenvalues of stress tensor: -0.1224442261E+06 -0.1224440391E+06 -0.1224439804E+06
 Eigenvectors (columns) of stress tensor:
  0.7401048969E+00  0.6571465234E+00  0.1428397296E+00
  0.6685894547E+00 -0.7418687422E+00 -0.5117529062E-01
 -0.7233866622E-01 -0.1333762201E+00  0.9884219247E+00
 Stress tensor stiffness:    1.000002
 Stress tensor polarizability:    0.999998
 
