 ----------------   CP     1,     Type (3,-3)   ----------------
 Corresponding nucleus:     2(N )
 Position (Bohr):        2.454863667590   -2.228840296233    1.893761524278
 Position (Angstrom):    1.299057908762   -1.179451491509    1.002135441533
 Density of all electrons:  0.1955118192E+03
 Density of Alpha electrons:  0.9778211980E+02
 Density of Beta electrons:  0.9772969940E+02
 Spin density of electrons:  0.5242039878E-01
 Lagrangian kinetic energy G(r):  0.1858114292E+02
 G(r) in X,Y,Z:  0.6135668842E+01  0.6189025493E+01  0.6256448582E+01
 Hamiltonian kinetic energy K(r):  0.3673947825E+06
 Potential energy density V(r): -0.3674133636E+06
 Energy density E(r) or H(r): -0.3673947825E+06
 Laplacian of electron density: -0.1469504805E+07
 Electron localization function (ELF):  0.9999990345E+00
 Localized orbital locator (LOL):  0.9990183524E+00
 Local information entropy: -0.1343898842E+01
 Interaction region indicator (IRI):  0.3329257794E-12
 Reduced density gradient (RDG):  0.1000000000E+03
 Reduced density gradient with promolecular approximation:  0.1000000000E+03
 Sign(lambda2)*rho: -0.1955118192E+03
 Sign(lambda2)*rho with promolecular approximation: -0.1931651376E+03
 Corr. hole for alpha, ref.:   0.00000   0.00000   0.00000 : -0.7211141919E-02
 Source function, ref.:   0.00000   0.00000   0.00000 :  0.3062500498E+05
 Wavefunction value for orbital       1 : -0.3200016391E-01
 Average local ionization energy (ALIE):  0.1434862199E+02
 van der Waals potential (probe atom: C ):  0.1955361783E+79 kcal/mol
 Delta-g (under promolecular approximation):  0.4794247067E-01
 Delta-g (under Hirshfeld partition):  0.6798821729E-01
 User-defined real space function:  0.1000000000E+01
 ESP from nuclear charges:  0.4051424902E+07
 ESP from electrons: -0.3580800669E+02
 Total ESP:  0.4051389094E+07 a.u. ( 0.1102439E+09 eV, 0.2542287E+10 kcal/mol)
 
 Note: Below information is for electron density
 
 Components of gradient in x/y/z are:
  0.3767604348E-10 -0.1032712524E-09 -0.9227204113E-11
 Norm of gradient is:  0.1103158063E-09
 
 Components of Laplacian in x/y/z are:
 -0.4898351627E+06 -0.4898349669E+06 -0.4898346758E+06
 Total: -0.1469504805E+07
 
 Hessian matrix:
 -0.4898351627E+06  0.3265938291E+00  0.2898446875E-01
  0.3265938291E+00 -0.4898349669E+06  0.3983541373E-01
  0.2898446875E-01  0.3983541373E-01 -0.4898346758E+06
 Eigenvalues of Hessian: -0.4898354057E+06 -0.4898347546E+06 -0.4898346450E+06
 Eigenvectors (columns) of Hessian:
 -0.8021763307E+00  0.5067356155E+00  0.3158039747E+00
  0.5970867594E+00  0.6801413740E+00  0.4253176615E+00
 -0.7322576830E-03 -0.5297421329E+00  0.8481584383E+00
 Determinant of Hessian: -0.1175301438E+18
 Ellipticity of electron density:    0.000001
 eta index:   -1.000002
 Stiffness:   -1.000000
 
 Stress tensor:
 -0.1224710620E+06 -0.9598471596E-01  0.1013701277E-01
 -0.9598471596E-01 -0.1224711198E+06 -0.2420936838E-01
  0.1013701277E-01 -0.2420936838E-01 -0.1224711818E+06
 Eigenvalues of stress tensor: -0.1224712015E+06 -0.1224711741E+06 -0.1224709880E+06
 Eigenvectors (columns) of stress tensor:
  0.4178727722E+00 -0.4441708575E+00 -0.7925241924E+00
  0.6719075530E+00 -0.4360543935E+00  0.5986625144E+00
  0.6114920984E+00  0.7826677553E+00 -0.1162264958E+00
 Stress tensor stiffness:    1.000002
 Stress tensor polarizability:    0.999998
 
