 ----------------   CP     1,     Type (3,-3)   ----------------
 Corresponding nucleus:     2(N )
 Position (Bohr):       -3.203526981354   -2.220179323012   -1.082441634329
 Position (Angstrom):   -1.695233473045   -1.174868301856   -0.572803445020
 Density of all electrons:  0.1954541868E+03
 Density of Alpha electrons:  0.9772709342E+02
 Density of Beta electrons:  0.9772709342E+02
 Spin density of electrons:  0.0000000000E+00
 Lagrangian kinetic energy G(r):  0.1871710542E+02
 G(r) in X,Y,Z:  0.6497091285E+01  0.6143006759E+01  0.6077007375E+01
 Hamiltonian kinetic energy K(r):  0.3672992191E+06
 Potential energy density V(r): -0.3673179362E+06
 Energy density E(r) or H(r): -0.3672992191E+06
 Laplacian of electron density: -0.1469122008E+07
 Electron localization function (ELF):  0.9999990193E+00
 Localized orbital locator (LOL):  0.9990106911E+00
 Local information entropy: -0.8790987148E+00
 Interaction region indicator (IRI):  0.2196575586E-12
 Reduced density gradient (RDG):  0.1000000000E+03
 Reduced density gradient with promolecular approximation:  0.1000000000E+03
 Sign(lambda2)*rho: -0.1954541868E+03
 Sign(lambda2)*rho with promolecular approximation: -0.1931625018E+03
 Corr. hole for alpha, ref.:   0.00000   0.00000   0.00000 : -0.5946139284E-02
 Source function, ref.:   0.00000   0.00000   0.00000 :  0.2890083660E+05
 Wavefunction value for orbital       1 :  0.1462644807E-05
 Average local ionization energy (ALIE):  0.1400926872E+02
 van der Waals potential (probe atom: C ):  0.1125531100E+76 kcal/mol
 Delta-g (under promolecular approximation):  0.5049120162E-01
 Delta-g (under Hirshfeld partition):  0.7206470886E-01
 User-defined real space function:  0.1000000000E+01
 ESP from nuclear charges:  0.2175809027E+07
 ESP from electrons: -0.3842586811E+02
 Total ESP:  0.2175770602E+07 a.u. ( 0.5920573E+08 eV, 0.1365318E+10 kcal/mol)
 
 Note: Below information is for electron density
 
 Components of gradient in x/y/z are:
  0.3998528720E-10  0.2754300294E-10 -0.5419085731E-10
 Norm of gradient is:  0.7276049216E-10
 
 Components of Laplacian in x/y/z are:
 -0.4897062849E+06 -0.4897077105E+06 -0.4897080127E+06
 Total: -0.1469122008E+07
 
 Hessian matrix:
 -0.4897062849E+06  0.1813107574E+01  0.5787174148E+00
  0.1813107574E+01 -0.4897077105E+06  0.5122677539E+00
  0.5787174148E+00  0.5122677539E+00 -0.4897080127E+06
 Eigenvalues of Hessian: -0.4897089578E+06 -0.4897081875E+06 -0.4897048627E+06
 Eigenvectors (columns) of Hessian:
 -0.5390031198E+00 -0.2643953732E+00  0.7997316572E+00
  0.8334645269E+00 -0.3022552879E-01  0.5517456840E+00
 -0.1217066938E+00  0.9639406123E+00  0.2366558189E+00
 Determinant of Hessian: -0.1174383200E+18
 Ellipticity of electron density:    0.000002
 eta index:   -1.000008
 Stiffness:   -1.000007
 
 Stress tensor:
 -0.1224395654E+06 -0.4042776387E+00 -0.1346100217E+00
 -0.4042776387E+00 -0.1224392136E+06 -0.1162970741E+00
 -0.1346100217E+00 -0.1162970741E+00 -0.1224391572E+06
 Eigenvalues of stress tensor: -0.1224398738E+06 -0.1224391169E+06 -0.1224389455E+06
 Eigenvectors (columns) of stress tensor:
  0.8087398293E+00  0.2724065386E+00  0.5212816573E+00
  0.5373666474E+00  0.1810209937E-01 -0.8431544344E+00
  0.2391170734E+00 -0.9620119499E+00  0.1317422996E+00
 Stress tensor stiffness:    1.000008
 Stress tensor polarizability:    0.999992
 
