 ----------------   CP     1,     Type (3,-3)   ----------------
 Corresponding nucleus:     2(N )
 Position (Bohr):       -3.352295756722   -1.940360404516   -1.029638347167
 Position (Angstrom):   -1.773958518664   -1.026794507009   -0.544861148792
 Density of all electrons:  0.1954765496E+03
 Density of Alpha electrons:  0.9773689601E+02
 Density of Beta electrons:  0.9773965355E+02
 Spin density of electrons: -0.2757547993E-02
 Lagrangian kinetic energy G(r):  0.1865557255E+02
 G(r) in X,Y,Z:  0.6408722762E+01  0.6216645761E+01  0.6030204025E+01
 Hamiltonian kinetic energy K(r):  0.3673327186E+06
 Potential energy density V(r): -0.3673513741E+06
 Energy density E(r) or H(r): -0.3673327186E+06
 Laplacian of electron density: -0.1469256252E+07
 Electron localization function (ELF):  0.9999990261E+00
 Localized orbital locator (LOL):  0.9990141280E+00
 Local information entropy: -0.9017559181E+00
 Interaction region indicator (IRI):  0.1598338822E-12
 Reduced density gradient (RDG):  0.1000000000E+03
 Reduced density gradient with promolecular approximation:  0.1000000000E+03
 Sign(lambda2)*rho: -0.1954765496E+03
 Sign(lambda2)*rho with promolecular approximation: -0.1931637032E+03
 Corr. hole for alpha, ref.:   0.00000   0.00000   0.00000 : -0.3660705108E-02
 Source function, ref.:   0.00000   0.00000   0.00000 :  0.2917251062E+05
 Wavefunction value for orbital       1 :  0.4767240033E-06
 Average local ionization energy (ALIE):  0.1416690346E+02
 van der Waals potential (probe atom: C ):  0.2827319474E+77 kcal/mol
 Delta-g (under promolecular approximation):  0.4994817829E-01
 Delta-g (under Hirshfeld partition):  0.7079011062E-01
 User-defined real space function:  0.1000000000E+01
 ESP from nuclear charges:  0.2846347631E+07
 ESP from electrons: -0.3828999764E+02
 Total ESP:  0.2846309341E+07 a.u. ( 0.7745202E+08 eV, 0.1786088E+10 kcal/mol)
 
 Note: Below information is for electron density
 
 Components of gradient in x/y/z are:
 -0.4581768040E-10  0.4205578573E-11  0.2620775347E-10
 Norm of gradient is:  0.5295085524E-10
 
 Components of Laplacian in x/y/z are:
 -0.4897513130E+06 -0.4897520936E+06 -0.4897528453E+06
 Total: -0.1469256252E+07
 
 Hessian matrix:
 -0.4897513130E+06  0.5688456421E+00  0.3461916755E+00
  0.5688456421E+00 -0.4897520936E+06  0.1781915675E+00
  0.3461916755E+00  0.1781915675E+00 -0.4897528453E+06
 Eigenvalues of Hessian: -0.4897529247E+06 -0.4897523932E+06 -0.4897509341E+06
 Eigenvectors (columns) of Hessian:
 -0.1797516224E+00  0.4643345382E+00  0.8672270700E+00
 -0.8705914110E-01 -0.8856360865E+00  0.4561462794E+00
  0.9798520604E+00  0.6492989922E-02  0.1996190895E+00
 Determinant of Hessian: -0.1174705164E+18
 Ellipticity of electron density:    0.000001
 eta index:   -1.000004
 Stiffness:   -1.000003
 
 Stress tensor:
 -0.1224506457E+06 -0.1189087188E+00 -0.6543613629E-01
 -0.1189087188E+00 -0.1224504567E+06 -0.3357504332E-01
 -0.6543613629E-01 -0.3357504332E-01 -0.1224502717E+06
 Eigenvalues of stress tensor: -0.1224507153E+06 -0.1224503993E+06 -0.1224502595E+06
 Eigenvectors (columns) of stress tensor:
 -0.8880785658E+00 -0.4372905222E+00 -0.1417514025E+00
 -0.4296169048E+00  0.8992353359E+00 -0.8249318660E-01
 -0.1635413587E+00  0.1236163203E-01  0.9864590281E+00
 Stress tensor stiffness:    1.000004
 Stress tensor polarizability:    0.999996
 
