 ----------------   CP     1,     Type (3,-3)   ----------------
 Corresponding nucleus:     2(N )
 Position (Bohr):       -2.999078737326    2.876802808008   -0.276869086429
 Position (Angstrom):   -1.587044121497    1.522338486260   -0.146512810942
 Density of all electrons:  0.1954734741E+03
 Density of Alpha electrons:  0.9773573560E+02
 Density of Beta electrons:  0.9773773852E+02
 Spin density of electrons: -0.2002924733E-02
 Lagrangian kinetic energy G(r):  0.1860530199E+02
 G(r) in X,Y,Z:  0.6200844404E+01  0.6293962162E+01  0.6110495420E+01
 Hamiltonian kinetic energy K(r):  0.3673307343E+06
 Potential energy density V(r): -0.3673493396E+06
 Energy density E(r) or H(r): -0.3673307343E+06
 Laplacian of electron density: -0.1469248516E+07
 Electron localization function (ELF):  0.9999990313E+00
 Localized orbital locator (LOL):  0.9990167563E+00
 Local information entropy: -0.1343247981E+01
 Interaction region indicator (IRI):  0.2070462841E-12
 Reduced density gradient (RDG):  0.1000000000E+03
 Reduced density gradient with promolecular approximation:  0.1000000000E+03
 Sign(lambda2)*rho: -0.1954734741E+03
 Sign(lambda2)*rho with promolecular approximation: -0.1931638617E+03
 Corr. hole for alpha, ref.:   0.00000   0.00000   0.00000 : -0.1129016940E-02
 Source function, ref.:   0.00000   0.00000   0.00000 :  0.2807188999E+05
 Wavefunction value for orbital       1 :  0.1761607474E-02
 Average local ionization energy (ALIE):  0.1432192123E+02
 van der Waals potential (probe atom: C ):  0.1190956564E+78 kcal/mol
 Delta-g (under promolecular approximation):  0.4899823846E-01
 Delta-g (under Hirshfeld partition):  0.6938158106E-01
 User-defined real space function:  0.1000000000E+01
 ESP from nuclear charges:  0.3208711340E+07
 ESP from electrons: -0.3546420996E+02
 Total ESP:  0.3208675876E+07 a.u. ( 0.8731251E+08 eV, 0.2013476E+10 kcal/mol)
 
 Note: Below information is for electron density
 
 Components of gradient in x/y/z are:
 -0.3797971562E-10  0.5693602669E-10  0.4526437372E-11
 Norm of gradient is:  0.6859051370E-10
 
 Components of Laplacian in x/y/z are:
 -0.4897495232E+06 -0.4897490915E+06 -0.4897499013E+06
 Total: -0.1469248516E+07
 
 Hessian matrix:
 -0.4897495232E+06 -0.6828757616E+00 -0.6841405838E-01
 -0.6828757616E+00 -0.4897490915E+06 -0.6190533255E-02
 -0.6841405838E-01 -0.6190533255E-02 -0.4897499013E+06
 Eigenvalues of Hessian: -0.4897500474E+06 -0.4897498784E+06 -0.4897485902E+06
 Eigenvectors (columns) of Hessian:
  0.7530006163E+00  0.2879058867E+00  0.5916927177E+00
  0.5403687706E+00  0.2425587161E+00 -0.8057089183E+00
  0.3754885665E+00 -0.9264315785E+00 -0.2707151272E-01
 Determinant of Hessian: -0.1174686609E+18
 Ellipticity of electron density:    0.000000
 eta index:   -1.000003
 Stiffness:   -1.000003
 
 Stress tensor:
 -0.1224497825E+06  0.1483194461E+00  0.1348930021E-01
  0.1483194461E+00 -0.1224498608E+06  0.6077141026E-02
  0.1348930021E-01  0.6077141026E-02 -0.1224496963E+06
 Eigenvalues of stress tensor: -0.1224499751E+06 -0.1224497023E+06 -0.1224496622E+06
 Eigenvectors (columns) of stress tensor:
 -0.6106441225E+00 -0.3010534295E+00  0.7324483519E+00
  0.7918098235E+00 -0.2464669379E+00  0.5588302532E+00
  0.1228653824E-01  0.9212062099E+00  0.3888806499E+00
 Stress tensor stiffness:    1.000003
 Stress tensor polarizability:    0.999997
 
