 ----------------   CP     1,     Type (3,-3)   ----------------
 Corresponding nucleus:     2(N )
 Position (Bohr):       -2.862248953607   -2.777896297076   -0.506259110794
 Position (Angstrom):   -1.514636918180   -1.469999414664   -0.267900784244
 Density of all electrons:  0.1954586071E+03
 Density of Alpha electrons:  0.9772930353E+02
 Density of Beta electrons:  0.9772930353E+02
 Spin density of electrons:  0.0000000000E+00
 Lagrangian kinetic energy G(r):  0.1866246642E+02
 G(r) in X,Y,Z:  0.6354278422E+01  0.6335530571E+01  0.5972657423E+01
 Hamiltonian kinetic energy K(r):  0.3673031201E+06
 Potential energy density V(r): -0.3673217825E+06
 Energy density E(r) or H(r): -0.3673031201E+06
 Laplacian of electron density: -0.1469137830E+07
 Electron localization function (ELF):  0.9999990251E+00
 Localized orbital locator (LOL):  0.9990136133E+00
 Local information entropy: -0.1309921448E+01
 Interaction region indicator (IRI):  0.2943843497E-12
 Reduced density gradient (RDG):  0.1000000000E+03
 Reduced density gradient with promolecular approximation:  0.1000000000E+03
 Sign(lambda2)*rho: -0.1954586071E+03
 Sign(lambda2)*rho with promolecular approximation: -0.1931624217E+03
 Corr. hole for alpha, ref.:   0.00000   0.00000   0.00000 : -0.4491740087E-02
 Source function, ref.:   0.00000   0.00000   0.00000 :  0.2907759211E+05
 Wavefunction value for orbital       1 :  0.5134937524E+01
 Average local ionization energy (ALIE):  0.1415339616E+02
 van der Waals potential (probe atom: C ):  0.2077211931E+76 kcal/mol
 Delta-g (under promolecular approximation):  0.5050843323E-01
 Delta-g (under Hirshfeld partition):  0.7161085137E-01
 User-defined real space function:  0.1000000000E+01
 ESP from nuclear charges:  0.2289797403E+07
 ESP from electrons: -0.3587249973E+02
 Total ESP:  0.2289761531E+07 a.u. ( 0.6230758E+08 eV, 0.1436848E+10 kcal/mol)
 
 Note: Below information is for electron density
 
 Components of gradient in x/y/z are:
  0.6592252883E-10 -0.7166159731E-10 -0.5307289477E-11
 Norm of gradient is:  0.9751580209E-10
 
 Components of Laplacian in x/y/z are:
 -0.4897120907E+06 -0.4897121087E+06 -0.4897136310E+06
 Total: -0.1469137830E+07
 
 Hessian matrix:
 -0.4897120907E+06  0.1530558102E+01  0.3322000054E+00
  0.1530558102E+01 -0.4897121087E+06  0.1536020952E+00
  0.3322000054E+00  0.1536020952E+00 -0.4897136310E+06
 Eigenvalues of Hessian: -0.4897137757E+06 -0.4897135237E+06 -0.4897105309E+06
 Eigenvectors (columns) of Hessian:
 -0.5160145364E+00 -0.4821762324E+00 -0.7079795754E+00
  0.4041723689E+00  0.5916706845E+00 -0.6975460539E+00
  0.7552308882E+00 -0.6460896857E+00 -0.1104283639E+00
 Determinant of Hessian: -0.1174421145E+18
 Ellipticity of electron density:    0.000001
 eta index:   -1.000007
 Stiffness:   -1.000006
 
 Stress tensor:
 -0.1224407312E+06 -0.3548590502E+00 -0.6821553936E-01
 -0.3548590502E+00 -0.1224406982E+06 -0.2510076935E-01
 -0.6821553936E-01 -0.2510076935E-01 -0.1224403531E+06
 Eigenvalues of stress tensor: -0.1224410761E+06 -0.1224403827E+06 -0.1224403237E+06
 Eigenvectors (columns) of stress tensor:
 -0.7228401982E+00  0.4939367176E+00  0.4832479352E+00
 -0.6848678676E+00 -0.6051629952E+00 -0.4058740607E+00
 -0.9196766662E-01  0.6243430694E+00 -0.7757175259E+00
 Stress tensor stiffness:    1.000006
 Stress tensor polarizability:    0.999994
 
