 ----------------   CP     1,     Type (3,-3)   ----------------
 Corresponding nucleus:     2(N )
 Position (Bohr):       -0.522698681032    3.640489004118   -3.199537727253
 Position (Angstrom):   -0.276600230171    1.926463817522   -1.693122450687
 Density of all electrons:  0.1954793007E+03
 Density of Alpha electrons:  0.9775009778E+02
 Density of Beta electrons:  0.9772920294E+02
 Spin density of electrons:  0.2089483276E-01
 Lagrangian kinetic energy G(r):  0.1875368592E+02
 G(r) in X,Y,Z:  0.6177559783E+01  0.6189705306E+01  0.6386420833E+01
 Hamiltonian kinetic energy K(r):  0.3673604075E+06
 Potential energy density V(r): -0.3673791611E+06
 Energy density E(r) or H(r): -0.3673604075E+06
 Laplacian of electron density: -0.1469366615E+07
 Electron localization function (ELF):  0.9999990159E+00
 Localized orbital locator (LOL):  0.9990089715E+00
 Local information entropy:  0.1644063174E+00
 Interaction region indicator (IRI):  0.2807566770E-12
 Reduced density gradient (RDG):  0.1000000000E+03
 Reduced density gradient with promolecular approximation:  0.1000000000E+03
 Sign(lambda2)*rho: -0.1954793007E+03
 Sign(lambda2)*rho with promolecular approximation: -0.1931633760E+03
 Corr. hole for alpha, ref.:   0.00000   0.00000   0.00000 : -0.1205620882E-01
 Source function, ref.:   0.00000   0.00000   0.00000 :  0.2398644414E+05
 Wavefunction value for orbital       1 : -0.1765856801E-04
 Average local ionization energy (ALIE):  0.1397450524E+02
 van der Waals potential (probe atom: C ):  0.4843289712E+76 kcal/mol
 Delta-g (under promolecular approximation):  0.4941930508E-01
 Delta-g (under Hirshfeld partition):  0.7067923972E-01
 User-defined real space function:  0.1000000000E+01
 ESP from nuclear charges:  0.2457184985E+07
 ESP from electrons: -0.5144959201E+02
 Total ESP:  0.2457133535E+07 a.u. ( 0.6686200E+08 eV, 0.1541876E+10 kcal/mol)
 
 Note: Below information is for electron density
 
 Components of gradient in x/y/z are:
  0.9625268763E-11  0.8770689740E-10  0.2943067759E-10
 Norm of gradient is:  0.9301242086E-10
 
 Components of Laplacian in x/y/z are:
 -0.4897892179E+06 -0.4897891470E+06 -0.4897882501E+06
 Total: -0.1469366615E+07
 
 Hessian matrix:
 -0.4897892179E+06 -0.1603191042E+00  0.7782294457E+00
 -0.1603191042E+00 -0.4897891470E+06 -0.1652337925E+01
  0.7782294457E+00 -0.1652337925E+01 -0.4897882501E+06
 Eigenvalues of Hessian: -0.4897905143E+06 -0.4897893267E+06 -0.4897867741E+06
 Eigenvectors (columns) of Hessian:
  0.2868955861E+00 -0.9147665677E+00  0.2844170340E+00
 -0.7241805664E+00 -0.4014570071E+00 -0.5607091748E+00
 -0.6270992186E+00  0.4510430145E-01  0.7776324145E+00
 Determinant of Hessian: -0.1174969898E+18
 Ellipticity of electron density:    0.000002
 eta index:   -1.000008
 Stiffness:   -1.000005
 
 Stress tensor:
 -0.1224596596E+06  0.3135674203E-01 -0.1749674245E+00
  0.3135674203E-01 -0.1224596662E+06  0.3739489313E+00
 -0.1749674245E+00  0.3739489313E+00 -0.1224598354E+06
 Eigenvalues of stress tensor: -0.1224601817E+06 -0.1224596371E+06 -0.1224593423E+06
 Eigenvectors (columns) of stress tensor:
 -0.2910906681E+00  0.9138264767E+00  0.2831737867E+00
  0.5732382220E+00  0.4035756465E+00 -0.7131091350E+00
 -0.7659400523E+00 -0.4525337658E-01 -0.6413173693E+00
 Stress tensor stiffness:    1.000007
 Stress tensor polarizability:    0.999993
 
