 ----------------   CP     1,     Type (3,-3)   ----------------
 Corresponding nucleus:     2(N )
 Position (Bohr):       -1.844299483443   -3.652833041966   -0.797491841858
 Position (Angstrom):   -0.975961256718   -1.932996001042   -0.422014508592
 Density of all electrons:  0.1954654112E+03
 Density of Alpha electrons:  0.9775277658E+02
 Density of Beta electrons:  0.9771263460E+02
 Spin density of electrons:  0.4014197865E-01
 Lagrangian kinetic energy G(r):  0.1866654620E+02
 G(r) in X,Y,Z:  0.6091523910E+01  0.6908107556E+01  0.5666914732E+01
 Hamiltonian kinetic energy K(r):  0.3673136812E+06
 Potential energy density V(r): -0.3673323477E+06
 Energy density E(r) or H(r): -0.3673136812E+06
 Laplacian of electron density: -0.1469180059E+07
 Electron localization function (ELF):  0.9999990248E+00
 Localized orbital locator (LOL):  0.9990134551E+00
 Local information entropy: -0.8573906557E+00
 Interaction region indicator (IRI):  0.2156037348E-12
 Reduced density gradient (RDG):  0.1000000000E+03
 Reduced density gradient with promolecular approximation:  0.1000000000E+03
 Sign(lambda2)*rho: -0.1954654112E+03
 Sign(lambda2)*rho with promolecular approximation: -0.1931598047E+03
 Corr. hole for alpha, ref.:   0.00000   0.00000   0.00000 : -0.2062046329E-04
 Source function, ref.:   0.00000   0.00000   0.00000 :  0.2804351777E+05
 Wavefunction value for orbital       1 :  0.1627343618E-05
 Average local ionization energy (ALIE):  0.1383207309E+02
 van der Waals potential (probe atom: C ):  0.3603510173E+74 kcal/mol
 Delta-g (under promolecular approximation):  0.5050535015E-01
 Delta-g (under Hirshfeld partition):  0.7224430024E-01
 User-defined real space function:  0.1000000000E+01
 ESP from nuclear charges:  0.1633312547E+07
 ESP from electrons: -0.3794828566E+02
 Total ESP:  0.1633274599E+07 a.u. ( 0.4444366E+08 eV, 0.1024896E+10 kcal/mol)
 
 Note: Below information is for electron density
 
 Components of gradient in x/y/z are:
 -0.4948393213E-10 -0.4554353349E-10 -0.2404697183E-10
 Norm of gradient is:  0.7142219428E-10
 
 Components of Laplacian in x/y/z are:
 -0.4897272858E+06 -0.4897237816E+06 -0.4897289912E+06
 Total: -0.1469180059E+07
 
 Hessian matrix:
 -0.4897272858E+06  0.1792494932E+01  0.6380417835E+00
  0.1792494932E+01 -0.4897237816E+06  0.3830857045E+00
  0.6380417835E+00  0.3830857045E+00 -0.4897289912E+06
 Eigenvalues of Hessian: -0.4897292140E+06 -0.4897278777E+06 -0.4897229669E+06
 Eigenvectors (columns) of Hessian:
 -0.3569566453E+00  0.8469790906E+00  0.3939649393E+00
  0.5201203015E-01 -0.4030738241E+00  0.9136882625E+00
  0.9326718083E+00  0.3466380134E+00  0.9982677809E-01
 Determinant of Hessian: -0.1174522419E+18
 Ellipticity of electron density:    0.000003
 eta index:   -1.000013
 Stiffness:   -1.000010
 
 Stress tensor:
 -0.1224440045E+06 -0.3910513755E+00 -0.1423291825E+00
 -0.3910513755E+00 -0.1224447616E+06 -0.7528319269E-01
 -0.1423291825E+00 -0.7528319269E-01 -0.1224435816E+06
 Eigenvalues of stress tensor: -0.1224449389E+06 -0.1224438726E+06 -0.1224435363E+06
 Eigenvectors (columns) of stress tensor:
  0.3963326635E+00  0.8585271723E+00 -0.3253482967E+00
  0.9134628542E+00 -0.4043362750E+00  0.4580164516E-01
  0.9222816147E-01  0.3153462718E+00  0.9444843541E+00
 Stress tensor stiffness:    1.000011
 Stress tensor polarizability:    0.999989
 
