 ----------------   CP     1,     Type (3,-3)   ----------------
 Corresponding nucleus:     2(N )
 Position (Bohr):       -2.958674602191   -2.570767052725    0.622141600736
 Position (Angstrom):   -1.565663173957   -1.360391338842    0.329223157064
 Density of all electrons:  0.1954622451E+03
 Density of Alpha electrons:  0.9773112253E+02
 Density of Beta electrons:  0.9773112253E+02
 Spin density of electrons:  0.0000000000E+00
 Lagrangian kinetic energy G(r):  0.1870400508E+02
 G(r) in X,Y,Z:  0.6372419997E+01  0.6325637467E+01  0.6005947621E+01
 Hamiltonian kinetic energy K(r):  0.3673100075E+06
 Potential energy density V(r): -0.3673287115E+06
 Energy density E(r) or H(r): -0.3673100075E+06
 Laplacian of electron density: -0.1469165214E+07
 Electron localization function (ELF):  0.9999990208E+00
 Localized orbital locator (LOL):  0.9990114507E+00
 Local information entropy: -0.8792044274E+00
 Interaction region indicator (IRI):  0.2518484859E-12
 Reduced density gradient (RDG):  0.1000000000E+03
 Reduced density gradient with promolecular approximation:  0.1000000000E+03
 Sign(lambda2)*rho: -0.1954622451E+03
 Sign(lambda2)*rho with promolecular approximation: -0.1931627561E+03
 Corr. hole for alpha, ref.:   0.00000   0.00000   0.00000 : -0.6428466490E-02
 Source function, ref.:   0.00000   0.00000   0.00000 :  0.2945948822E+05
 Wavefunction value for orbital       1 :  0.1117137029E-05
 Average local ionization energy (ALIE):  0.1400146301E+02
 van der Waals potential (probe atom: C ):  0.1568756759E+76 kcal/mol
 Delta-g (under promolecular approximation):  0.5089023766E-01
 Delta-g (under Hirshfeld partition):  0.7258272896E-01
 User-defined real space function:  0.1000000000E+01
 ESP from nuclear charges:  0.2236851618E+07
 ESP from electrons: -0.3844786313E+02
 Total ESP:  0.2236813170E+07 a.u. ( 0.6086678E+08 eV, 0.1403623E+10 kcal/mol)
 
 Note: Below information is for electron density
 
 Components of gradient in x/y/z are:
 -0.2275191400E-10  0.7880845366E-10 -0.1522179020E-10
 Norm of gradient is:  0.8342736275E-10
 
 Components of Laplacian in x/y/z are:
 -0.4897212108E+06 -0.4897213163E+06 -0.4897226870E+06
 Total: -0.1469165214E+07
 
 Hessian matrix:
 -0.4897212108E+06  0.1651548510E+01 -0.1068288088E+00
  0.1651548510E+01 -0.4897213163E+06 -0.6972232781E+00
 -0.1068288088E+00 -0.6972232781E+00 -0.4897226870E+06
 Eigenvalues of Hessian: -0.4897232769E+06 -0.4897224270E+06 -0.4897195101E+06
 Eigenvectors (columns) of Hessian:
  0.4576710967E+00  0.5590598201E+00  0.6913676915E+00
 -0.6141511289E+00 -0.3634985182E+00  0.7004906981E+00
 -0.6429273350E+00  0.7451985942E+00 -0.1769844542E+00
 Determinant of Hessian: -0.1174486817E+18
 Ellipticity of electron density:    0.000002
 eta index:   -1.000008
 Stiffness:   -1.000006
 
 Stress tensor:
 -0.1224430475E+06 -0.3660149323E+00  0.3004689332E-01
 -0.3660149323E+00 -0.1224429803E+06  0.1666321540E+00
  0.3004689332E-01  0.1666321540E+00 -0.1224426836E+06
 Eigenvalues of stress tensor: -0.1224434070E+06 -0.1224427535E+06 -0.1224425510E+06
 Eigenvectors (columns) of stress tensor:
  0.7085845084E+00  0.5740781051E+00 -0.4102954103E+00
  0.6806108441E+00 -0.4025979287E+00  0.6121141941E+00
 -0.1862172743E+00  0.7129861409E+00  0.6759984391E+00
 Stress tensor stiffness:    1.000007
 Stress tensor polarizability:    0.999993
 
