 ----------------   CP     1,     Type (3,-3)   ----------------
 Corresponding nucleus:     2(N )
 Position (Bohr):       -1.580544292787   -2.394848901018    2.789039975699
 Position (Angstrom):   -0.836388020566   -1.267299461975    1.475896395437
 Density of all electrons:  0.1954932213E+03
 Density of Alpha electrons:  0.9774632260E+02
 Density of Beta electrons:  0.9774689873E+02
 Spin density of electrons: -0.5761368644E-03
 Lagrangian kinetic energy G(r):  0.1869323553E+02
 G(r) in X,Y,Z:  0.6273856279E+01  0.6151933960E+01  0.6267445286E+01
 Hamiltonian kinetic energy K(r):  0.3673821317E+06
 Potential energy density V(r): -0.3674008249E+06
 Energy density E(r) or H(r): -0.3673821317E+06
 Laplacian of electron density: -0.1469453754E+07
 Electron localization function (ELF):  0.9999990225E+00
 Localized orbital locator (LOL):  0.9990122799E+00
 Local information entropy:  0.1588150931E+00
 Interaction region indicator (IRI):  0.3970486027E-12
 Reduced density gradient (RDG):  0.1000000000E+03
 Reduced density gradient with promolecular approximation:  0.1000000000E+03
 Sign(lambda2)*rho: -0.1954932213E+03
 Sign(lambda2)*rho with promolecular approximation: -0.1931647976E+03
 Corr. hole for alpha, ref.:   0.00000   0.00000   0.00000 : -0.1704016260E-01
 Source function, ref.:   0.00000   0.00000   0.00000 :  0.2922274601E+05
 Wavefunction value for orbital       1 : -0.4387399929E-04
 Average local ionization energy (ALIE):  0.1423809730E+02
 van der Waals potential (probe atom: C ):  0.1994369903E+78 kcal/mol
 Delta-g (under promolecular approximation):  0.4950874122E-01
 Delta-g (under Hirshfeld partition):  0.7033662137E-01
 User-defined real space function:  0.1000000000E+01
 ESP from nuclear charges:  0.3349591820E+07
 ESP from electrons: -0.5243292180E+02
 Total ESP:  0.3349539387E+07 a.u. ( 0.9114560E+08 eV, 0.2101869E+10 kcal/mol)
 
 Note: Below information is for electron density
 
 Components of gradient in x/y/z are:
 -0.4585537043E-10 -0.6459746984E-10 -0.1050222382E-09
 Norm of gradient is:  0.1315493011E-09
 
 Components of Laplacian in x/y/z are:
 -0.4898177434E+06 -0.4898182737E+06 -0.4898177367E+06
 Total: -0.1469453754E+07
 
 Hessian matrix:
 -0.4898177434E+06  0.1906812507E+00 -0.4010926419E+00
  0.1906812507E+00 -0.4898182737E+06 -0.4952773639E+00
 -0.4010926419E+00 -0.4952773639E+00 -0.4898177367E+06
 Eigenvalues of Hessian: -0.4898185712E+06 -0.4898180576E+06 -0.4898171250E+06
 Eigenvectors (columns) of Hessian:
  0.6301570780E-01 -0.8105081260E+00  0.5823277413E+00
  0.8446455491E+00  0.3541140478E+00  0.4014687255E+00
  0.5316040980E+00 -0.4665616989E+00 -0.7069068285E+00
 Determinant of Hessian: -0.1175178950E+18
 Ellipticity of electron density:    0.000001
 eta index:   -1.000003
 Stiffness:   -1.000002
 
 Stress tensor:
 -0.1224669836E+06 -0.3954822133E-01  0.7205504834E-01
 -0.3954822133E-01 -0.1224668723E+06  0.1130908175E+00
  0.7205504834E-01  0.1130908175E+00 -0.1224669691E+06
 Eigenvalues of stress tensor: -0.1224671009E+06 -0.1224669266E+06 -0.1224667974E+06
 Eigenvectors (columns) of stress tensor:
  0.5727650393E+00  0.8186454279E+00 -0.4195084263E-01
  0.4408761537E+00 -0.3507957331E+00 -0.8261782923E+00
 -0.6910632582E+00  0.4547109159E+00 -0.5618447793E+00
 Stress tensor stiffness:    1.000002
 Stress tensor polarizability:    0.999998
 
