 ----------------   CP     1,     Type (3,-3)   ----------------
 Corresponding nucleus:     2(N )
 Position (Bohr):       -3.573429659518   -0.931893334741   -1.682674098200
 Position (Angstrom):   -1.890977540582   -0.493136715737   -0.890432786144
 Density of all electrons:  0.1954665125E+03
 Density of Alpha electrons:  0.9773325627E+02
 Density of Beta electrons:  0.9773325627E+02
 Spin density of electrons:  0.0000000000E+00
 Lagrangian kinetic energy G(r):  0.1870087868E+02
 G(r) in X,Y,Z:  0.6602754189E+01  0.6094310101E+01  0.6003814391E+01
 Hamiltonian kinetic energy K(r):  0.3673204106E+06
 Potential energy density V(r): -0.3673391115E+06
 Energy density E(r) or H(r): -0.3673204106E+06
 Laplacian of electron density: -0.1469206839E+07
 Electron localization function (ELF):  0.9999990212E+00
 Localized orbital locator (LOL):  0.9990116517E+00
 Local information entropy: -0.8792604117E+00
 Interaction region indicator (IRI):  0.2317355031E-12
 Reduced density gradient (RDG):  0.1000000000E+03
 Reduced density gradient with promolecular approximation:  0.1000000000E+03
 Sign(lambda2)*rho: -0.1954665125E+03
 Sign(lambda2)*rho with promolecular approximation: -0.1931622915E+03
 Corr. hole for alpha, ref.:   0.00000   0.00000   0.00000 : -0.5591427686E-02
 Source function, ref.:   0.00000   0.00000   0.00000 :  0.2880955854E+05
 Wavefunction value for orbital       1 :  0.1005563253E-05
 Average local ionization energy (ALIE):  0.1400692581E+02
 van der Waals potential (probe atom: C ):  0.1037546347E+76 kcal/mol
 Delta-g (under promolecular approximation):  0.5026915079E-01
 Delta-g (under Hirshfeld partition):  0.7159821038E-01
 User-defined real space function:  0.1000000000E+01
 ESP from nuclear charges:  0.2161100457E+07
 ESP from electrons: -0.3835889153E+02
 Total ESP:  0.2161062098E+07 a.u. ( 0.5880549E+08 eV, 0.1356088E+10 kcal/mol)
 
 Note: Below information is for electron density
 
 Components of gradient in x/y/z are:
 -0.6970532556E-10 -0.1864994916E-10  0.2620027342E-10
 Norm of gradient is:  0.7676657699E-10
 
 Components of Laplacian in x/y/z are:
 -0.4897341012E+06 -0.4897362161E+06 -0.4897365216E+06
 Total: -0.1469206839E+07
 
 Hessian matrix:
 -0.4897341012E+06  0.6006767336E+00  0.1558539228E+01
  0.6006767336E+00 -0.4897362161E+06  0.1408516272E+00
  0.1558539228E+01  0.1408516272E+00 -0.4897365216E+06
 Eigenvalues of Hessian: -0.4897373037E+06 -0.4897363179E+06 -0.4897332173E+06
 Eigenvectors (columns) of Hessian:
  0.4541082957E+00  0.1152207107E+00 -0.8834646816E+00
 -0.1367973172E+00 -0.9708271203E+00 -0.1969294200E+00
 -0.8803818205E+00  0.2102828815E+00 -0.4250987649E+00
 Determinant of Hessian: -0.1174586648E+18
 Ellipticity of electron density:    0.000002
 eta index:   -1.000008
 Stiffness:   -1.000006
 
 Stress tensor:
 -0.1224467308E+06 -0.1286402331E+00 -0.3531017995E+00
 -0.1286402331E+00 -0.1224462427E+06 -0.2998479942E-01
 -0.3531017995E+00 -0.2998479942E-01 -0.1224461380E+06
 Eigenvalues of stress tensor: -0.1224469201E+06 -0.1224462209E+06 -0.1224459705E+06
 Eigenvectors (columns) of stress tensor:
  0.8925065181E+00  0.1242717896E+00 -0.4335765647E+00
  0.1876294675E+00 -0.9764648349E+00  0.1063560487E+00
  0.4101552122E+00  0.1762752067E+00  0.8948182796E+00
 Stress tensor stiffness:    1.000008
 Stress tensor polarizability:    0.999992
 
