 ----------------   CP     1,     Type (3,-3)   ----------------
 Corresponding nucleus:     2(N )
 Position (Bohr):       -1.515433208836   -2.904114723654    3.201013277978
 Position (Angstrom):   -0.801932718762   -1.536791329606    1.693903278504
 Density of all electrons:  0.1954996790E+03
 Density of Alpha electrons:  0.9785107813E+02
 Density of Beta electrons:  0.9764860086E+02
 Spin density of electrons:  0.2024772683E+00
 Lagrangian kinetic energy G(r):  0.1867721100E+02
 G(r) in X,Y,Z:  0.6034245308E+01  0.6117887881E+01  0.6525077814E+01
 Hamiltonian kinetic energy K(r):  0.3673806765E+06
 Potential energy density V(r): -0.3673993537E+06
 Energy density E(r) or H(r): -0.3673806765E+06
 Laplacian of electron density: -0.1469447997E+07
 Electron localization function (ELF):  0.9999990244E+00
 Localized orbital locator (LOL):  0.9990131807E+00
 Local information entropy:  0.1643381872E+00
 Interaction region indicator (IRI):  0.4135847707E-12
 Reduced density gradient (RDG):  0.1000000000E+03
 Reduced density gradient with promolecular approximation:  0.1000000000E+03
 Sign(lambda2)*rho: -0.1954996790E+03
 Sign(lambda2)*rho with promolecular approximation: -0.1931582878E+03
 Corr. hole for alpha, ref.:   0.00000   0.00000   0.00000 : -0.1288374236E-03
 Source function, ref.:   0.00000   0.00000   0.00000 :  0.2553134180E+05
 Wavefunction value for orbital       1 : -0.5979546449E-05
 Average local ionization energy (ALIE):  0.1392658608E+02
 van der Waals potential (probe atom: C ):  0.1186684977E+74 kcal/mol
 Delta-g (under promolecular approximation):  0.5032372146E-01
 Delta-g (under Hirshfeld partition):  0.7199957957E-01
 User-defined real space function:  0.1000000000E+01
 ESP from nuclear charges:  0.1488930644E+07
 ESP from electrons: -0.5107410566E+02
 Total ESP:  0.1488879570E+07 a.u. ( 0.4051447E+08 eV, 0.9342868E+09 kcal/mol)
 
 Note: Below information is for electron density
 
 Components of gradient in x/y/z are:
 -0.6092122607E-11  0.8393605153E-10  0.1081465240E-09
 Norm of gradient is:  0.1370330083E-09
 
 Components of Laplacian in x/y/z are:
 -0.4898168471E+06 -0.4898164627E+06 -0.4898146871E+06
 Total: -0.1469447997E+07
 
 Hessian matrix:
 -0.4898168471E+06  0.1440991542E+01 -0.1649346629E+01
  0.1440991542E+01 -0.4898164627E+06 -0.2857717645E+01
 -0.1649346629E+01 -0.2857717645E+01 -0.4898146871E+06
 Eigenvalues of Hessian: -0.4898186019E+06 -0.4898177324E+06 -0.4898116628E+06
 Eigenvectors (columns) of Hessian:
 -0.1854209017E+00  0.9026879900E+00 -0.3882956115E+00
  0.8292477456E+00 -0.6826953136E-01 -0.5546958152E+00
  0.5272260099E+00  0.4248454587E+00  0.7358933826E+00
 Determinant of Hessian: -0.1175165138E+18
 Ellipticity of electron density:    0.000002
 eta index:   -1.000014
 Stiffness:   -1.000012
 
 Stress tensor:
 -0.1224662803E+06 -0.3083148774E+00  0.3408486416E+00
 -0.3083148774E+00 -0.1224663515E+06  0.6115986824E+00
  0.3408486416E+00  0.6115986824E+00 -0.1224667219E+06
 Eigenvalues of stress tensor: -0.1224673683E+06 -0.1224660964E+06 -0.1224658890E+06
 Eigenvectors (columns) of stress tensor:
 -0.3879545955E+00  0.9017552769E+00 -0.1906007670E+00
 -0.5585842457E+00 -0.6554587288E-01  0.8268539043E+00
  0.7331267778E+00  0.4272483577E+00  0.5291351137E+00
 Stress tensor stiffness:    1.000012
 Stress tensor polarizability:    0.999988
 
