 ----------------   CP     1,     Type (3,-3)   ----------------
 Corresponding nucleus:     2(N )
 Position (Bohr):        3.718661683219    1.143564877066    1.601497984136
 Position (Angstrom):    1.967831017818    0.605148472132    0.847476236512
 Density of all electrons:  0.1955017647E+03
 Density of Alpha electrons:  0.9774735138E+02
 Density of Beta electrons:  0.9775441330E+02
 Spin density of electrons: -0.7061918121E-02
 Lagrangian kinetic energy G(r):  0.1863238587E+02
 G(r) in X,Y,Z:  0.6230268900E+01  0.6178118243E+01  0.6223998730E+01
 Hamiltonian kinetic energy K(r):  0.3673837967E+06
 Potential energy density V(r): -0.3674024291E+06
 Energy density E(r) or H(r): -0.3673837967E+06
 Laplacian of electron density: -0.1469460657E+07
 Electron localization function (ELF):  0.9999990290E+00
 Localized orbital locator (LOL):  0.9990155636E+00
 Local information entropy: -0.8578608596E+00
 Interaction region indicator (IRI):  0.3281493962E-12
 Reduced density gradient (RDG):  0.1000000000E+03
 Reduced density gradient with promolecular approximation:  0.1000000000E+03
 Sign(lambda2)*rho: -0.1955017647E+03
 Sign(lambda2)*rho with promolecular approximation: -0.1931650550E+03
 Corr. hole for alpha, ref.:   0.00000   0.00000   0.00000 : -0.2578034249E-02
 Source function, ref.:   0.00000   0.00000   0.00000 :  0.2779389607E+05
 Wavefunction value for orbital       1 : -0.1138555789E-03
 Average local ionization energy (ALIE):  0.1432248649E+02
 van der Waals potential (probe atom: C ):  0.8851901779E+78 kcal/mol
 Delta-g (under promolecular approximation):  0.4912599602E-01
 Delta-g (under Hirshfeld partition):  0.6976181263E-01
 User-defined real space function:  0.1000000000E+01
 ESP from nuclear charges:  0.3792501020E+07
 ESP from electrons: -0.3868303612E+02
 Total ESP:  0.3792462337E+07 a.u. ( 0.1031981E+09 eV, 0.2379808E+10 kcal/mol)
 
 Note: Below information is for electron density
 
 Components of gradient in x/y/z are:
  0.1009295520E-09 -0.3768457664E-10  0.1465115260E-10
 Norm of gradient is:  0.1087269886E-09
 
 Components of Laplacian in x/y/z are:
 -0.4898201031E+06 -0.4898203700E+06 -0.4898201841E+06
 Total: -0.1469460657E+07
 
 Hessian matrix:
 -0.4898201031E+06  0.2487993412E+00  0.5416690755E-01
  0.2487993412E+00 -0.4898203700E+06 -0.3443291042E-01
  0.5416690755E-01 -0.3443291042E-01 -0.4898201841E+06
 Eigenvalues of Hessian: -0.4898205285E+06 -0.4898201782E+06 -0.4898199506E+06
 Eigenvectors (columns) of Hessian:
 -0.5135554090E+00  0.2336679012E-01  0.8577382089E+00
  0.8420445367E+00  0.2059368580E+00  0.4985489030E+00
  0.1649904242E+00 -0.9782862585E+00  0.1254358653E+00
 Determinant of Hessian: -0.1175195513E+18
 Ellipticity of electron density:    0.000001
 eta index:   -1.000001
 Stiffness:   -1.000000
 
 Stress tensor:
 -0.1224674863E+06 -0.3553803505E-01  0.1045753514E-02
 -0.3553803505E-01 -0.1224674487E+06  0.1883188232E-01
  0.1045753514E-02  0.1883188232E-01 -0.1224674940E+06
 Eigenvalues of stress tensor: -0.1224675142E+06 -0.1224674911E+06 -0.1224674238E+06
 Eigenvectors (columns) of stress tensor:
 -0.6798246991E+00  0.5551825313E+00  0.4791771441E+00
 -0.5182303416E+00  0.9865330802E-01 -0.8495321288E+00
  0.5189178081E+00  0.8258570589E+00 -0.2206454774E+00
 Stress tensor stiffness:    1.000001
 Stress tensor polarizability:    0.999999
 
