 ----------------   CP     1,     Type (3,-3)   ----------------
 Corresponding nucleus:     2(N )
 Position (Bohr):       -3.112889458180   -1.871588377704    1.389803193631
 Position (Angstrom):   -1.647270161329   -0.990401917672    0.735452177710
 Density of all electrons:  0.1954651061E+03
 Density of Alpha electrons:  0.9773255303E+02
 Density of Beta electrons:  0.9773255303E+02
 Spin density of electrons:  0.0000000000E+00
 Lagrangian kinetic energy G(r):  0.1871020443E+02
 G(r) in X,Y,Z:  0.6446984367E+01  0.6260467675E+01  0.6002752388E+01
 Hamiltonian kinetic energy K(r):  0.3673145772E+06
 Potential energy density V(r): -0.3673332874E+06
 Energy density E(r) or H(r): -0.3673145772E+06
 Laplacian of electron density: -0.1469183468E+07
 Electron localization function (ELF):  0.9999990202E+00
 Localized orbital locator (LOL):  0.9990111474E+00
 Local information entropy: -0.8792419602E+00
 Interaction region indicator (IRI):  0.1206718119E-12
 Reduced density gradient (RDG):  0.1000000000E+03
 Reduced density gradient with promolecular approximation:  0.1000000000E+03
 Sign(lambda2)*rho: -0.1954651061E+03
 Sign(lambda2)*rho with promolecular approximation: -0.1931625772E+03
 Corr. hole for alpha, ref.:   0.00000   0.00000   0.00000 : -0.7358630597E-02
 Source function, ref.:   0.00000   0.00000   0.00000 :  0.3006256201E+05
 Wavefunction value for orbital       1 :  0.1959238831E-05
 Average local ionization energy (ALIE):  0.1400120036E+02
 van der Waals potential (probe atom: C ):  0.1462456409E+76 kcal/mol
 Delta-g (under promolecular approximation):  0.5034769917E-01
 Delta-g (under Hirshfeld partition):  0.7172492955E-01
 User-defined real space function:  0.1000000000E+01
 ESP from nuclear charges:  0.2223810760E+07
 ESP from electrons: -0.3854062400E+02
 Total ESP:  0.2223772219E+07 a.u. ( 0.6051192E+08 eV, 0.1395439E+10 kcal/mol)
 
 Note: Below information is for electron density
 
 Components of gradient in x/y/z are:
 -0.3813801734E-10  0.8016102764E-11  0.8898691107E-11
 Norm of gradient is:  0.3997440398E-10
 
 Components of Laplacian in x/y/z are:
 -0.4897269887E+06 -0.4897277309E+06 -0.4897287485E+06
 Total: -0.1469183468E+07
 
 Hessian matrix:
 -0.4897269887E+06  0.9804631513E+00 -0.1340813374E+01
  0.9804631513E+00 -0.4897277309E+06 -0.7211815312E+00
 -0.1340813374E+01 -0.7211815312E+00 -0.4897287485E+06
 Eigenvalues of Hessian: -0.4897294940E+06 -0.4897283887E+06 -0.4897255854E+06
 Eigenvectors (columns) of Hessian:
  0.4288048535E+00  0.4941872714E+00  0.7562442320E+00
  0.1273768997E+00 -0.8618226289E+00  0.4909550710E+00
  0.8943721390E+00 -0.1141958717E+00 -0.4325017686E+00
 Determinant of Hessian: -0.1174530596E+18
 Ellipticity of electron density:    0.000002
 eta index:   -1.000008
 Stiffness:   -1.000006
 
 Stress tensor:
 -0.1224446411E+06 -0.2167907384E+00  0.3024263203E+00
 -0.2167907384E+00 -0.1224444537E+06  0.1615982785E+00
  0.3024263203E+00  0.1615982785E+00 -0.1224441926E+06
 Eigenvalues of stress tensor: -0.1224449400E+06 -0.1224443138E+06 -0.1224440337E+06
 Eigenvectors (columns) of stress tensor:
 -0.7709778870E+00 -0.4954664311E+00  0.4001326198E+00
 -0.4820265368E+00  0.8646015206E+00  0.1418260500E+00
  0.4162253183E+00  0.8352979263E-01  0.9054166213E+00
 Stress tensor stiffness:    1.000007
 Stress tensor polarizability:    0.999993
 
