 ----------------   CP     1,     Type (3,-3)   ----------------
 Corresponding nucleus:     2(N )
 Position (Bohr):        2.223431197827    2.906544388828    2.001415970240
 Position (Angstrom):    1.176589119901    1.538077053046    1.059103720988
 Density of all electrons:  0.1955053273E+03
 Density of Alpha electrons:  0.9775329380E+02
 Density of Beta electrons:  0.9775203353E+02
 Spin density of electrons:  0.1260265746E-02
 Lagrangian kinetic energy G(r):  0.1875781969E+02
 G(r) in X,Y,Z:  0.6448760731E+01  0.6103845288E+01  0.6205213675E+01
 Hamiltonian kinetic energy K(r):  0.3674106766E+06
 Potential energy density V(r): -0.3674294345E+06
 Energy density E(r) or H(r): -0.3674106766E+06
 Laplacian of electron density: -0.1469567675E+07
 Electron localization function (ELF):  0.9999990159E+00
 Localized orbital locator (LOL):  0.9990089730E+00
 Local information entropy:  0.1587738461E+00
 Interaction region indicator (IRI):  0.3241483882E-12
 Reduced density gradient (RDG):  0.1000000000E+03
 Reduced density gradient with promolecular approximation:  0.1000000000E+03
 Sign(lambda2)*rho: -0.1955053273E+03
 Sign(lambda2)*rho with promolecular approximation: -0.1931661039E+03
 Corr. hole for alpha, ref.:   0.00000   0.00000   0.00000 : -0.1432402268E-02
 Source function, ref.:   0.00000   0.00000   0.00000 :  0.2803745857E+05
 Wavefunction value for orbital       1 : -0.3748930558E-04
 Average local ionization energy (ALIE):  0.1421952849E+02
 van der Waals potential (probe atom: C ):  0.2814689769E+79 kcal/mol
 Delta-g (under promolecular approximation):  0.4940094958E-01
 Delta-g (under Hirshfeld partition):  0.7050855023E-01
 User-defined real space function:  0.1000000000E+01
 ESP from nuclear charges:  0.4176313562E+07
 ESP from electrons: -0.5272160424E+02
 Total ESP:  0.4176260840E+07 a.u. ( 0.1136418E+09 eV, 0.2620645E+10 kcal/mol)
 
 Note: Below information is for electron density
 
 Components of gradient in x/y/z are:
 -0.5994227668E-10  0.8615028938E-10  0.2281571746E-10
 Norm of gradient is:  0.1074034723E-09
 
 Components of Laplacian in x/y/z are:
 -0.4898550695E+06 -0.4898565232E+06 -0.4898560826E+06
 Total: -0.1469567675E+07
 
 Hessian matrix:
 -0.4898550695E+06  0.4308783331E+00 -0.1113952441E+00
  0.4308783331E+00 -0.4898565232E+06  0.1180154895E+00
 -0.1113952441E+00  0.1180154895E+00 -0.4898560826E+06
 Eigenvalues of Hessian: -0.4898566761E+06 -0.4898560530E+06 -0.4898549462E+06
 Eigenvectors (columns) of Hessian:
 -0.2669459058E+00 -0.2288882301E-02  0.9637087965E+00
  0.9343926778E+00 -0.2453999057E+00  0.2582425409E+00
 -0.2359029610E+00 -0.9694192320E+00 -0.6764721497E-01
 Determinant of Hessian: -0.1175452294E+18
 Ellipticity of electron density:    0.000001
 eta index:   -1.000004
 Stiffness:   -1.000002
 
 Stress tensor:
 -0.1224766649E+06 -0.9064114245E-01  0.4744556871E-01
 -0.9064114245E-01 -0.1224763385E+06 -0.2023631500E-01
  0.4744556871E-01 -0.2023631500E-01 -0.1224764311E+06
 Eigenvalues of stress tensor: -0.1224766948E+06 -0.1224764329E+06 -0.1224763067E+06
 Eigenvectors (columns) of stress tensor:
  0.9595387371E+00  0.8391071449E-01  0.2687831915E+00
  0.2353438088E+00  0.2850827420E+00 -0.9291615155E+00
 -0.1545920559E+00  0.9548229272E+00  0.2538000671E+00
 Stress tensor stiffness:    1.000003
 Stress tensor polarizability:    0.999997
 
