 ----------------   CP     1,     Type (3,-3)   ----------------
 Corresponding nucleus:     2(N )
 Position (Bohr):       -3.121325224483   -2.213118605246    1.138461146924
 Position (Angstrom):   -1.651734176613   -1.171131930921    0.602447694451
 Density of all electrons:  0.1954706149E+03
 Density of Alpha electrons:  0.9773374385E+02
 Density of Beta electrons:  0.9773687110E+02
 Spin density of electrons: -0.3127252401E-02
 Lagrangian kinetic energy G(r):  0.1865464396E+02
 G(r) in X,Y,Z:  0.6321619369E+01  0.6213869162E+01  0.6119155428E+01
 Hamiltonian kinetic energy K(r):  0.3673208263E+06
 Potential energy density V(r): -0.3673394810E+06
 Energy density E(r) or H(r): -0.3673208263E+06
 Laplacian of electron density: -0.1469208687E+07
 Electron localization function (ELF):  0.9999990261E+00
 Localized orbital locator (LOL):  0.9990141272E+00
 Local information entropy: -0.9016769365E+00
 Interaction region indicator (IRI):  0.4722689731E-12
 Reduced density gradient (RDG):  0.1000000000E+03
 Reduced density gradient with promolecular approximation:  0.1000000000E+03
 Sign(lambda2)*rho: -0.1954706149E+03
 Sign(lambda2)*rho with promolecular approximation: -0.1931640948E+03
 Corr. hole for alpha, ref.:   0.00000   0.00000   0.00000 : -0.5762963704E-02
 Source function, ref.:   0.00000   0.00000   0.00000 :  0.2928700658E+05
 Wavefunction value for orbital       1 :  0.4614879951E-06
 Average local ionization energy (ALIE):  0.1416672974E+02
 van der Waals potential (probe atom: C ):  0.3947859834E+77 kcal/mol
 Delta-g (under promolecular approximation):  0.5042417612E-01
 Delta-g (under Hirshfeld partition):  0.7158736838E-01
 User-defined real space function:  0.1000000000E+01
 ESP from nuclear charges:  0.2926645245E+07
 ESP from electrons: -0.3822411787E+02
 Total ESP:  0.2926607021E+07 a.u. ( 0.7963703E+08 eV, 0.1836475E+10 kcal/mol)
 
 Note: Below information is for electron density
 
 Components of gradient in x/y/z are:
  0.1027073648E-09  0.1065028854E-09  0.5084610820E-10
 Norm of gradient is:  0.1564512515E-09
 
 Components of Laplacian in x/y/z are:
 -0.4897358355E+06 -0.4897362074E+06 -0.4897366438E+06
 Total: -0.1469208687E+07
 
 Hessian matrix:
 -0.4897358355E+06  0.8154633793E+00 -0.2896876958E+00
  0.8154633793E+00 -0.4897362074E+06 -0.3560021749E+00
 -0.2896876958E+00 -0.3560021749E+00 -0.4897366438E+06
 Eigenvalues of Hessian: -0.4897369181E+06 -0.4897367108E+06 -0.4897350578E+06
 Eigenvectors (columns) of Hessian:
  0.4205362436E+00  0.5209972001E+00 -0.7427726337E+00
 -0.7431884381E+00 -0.2717739380E+00 -0.6113999281E+00
 -0.5204038943E+00  0.8091358626E+00  0.2729083044E+00
 Determinant of Hessian: -0.1174591079E+18
 Ellipticity of electron density:    0.000000
 eta index:   -1.000004
 Stiffness:   -1.000003
 
 Stress tensor:
 -0.1224466021E+06 -0.1677976213E+00  0.6782005805E-01
 -0.1677976213E+00 -0.1224464796E+06  0.7607187980E-01
  0.6782005805E-01  0.7607187980E-01 -0.1224463993E+06
 Eigenvalues of stress tensor: -0.1224467478E+06 -0.1224463896E+06 -0.1224463436E+06
 Eigenvectors (columns) of stress tensor:
  0.7782164193E+00  0.5461069525E+00 -0.3100748314E+00
  0.5647400716E+00 -0.3926117034E+00  0.7258957927E+00
 -0.2746777314E+00  0.7400157071E+00  0.6139453535E+00
 Stress tensor stiffness:    1.000003
 Stress tensor polarizability:    0.999997
 
