 ----------------   CP     1,     Type (3,-3)   ----------------
 Corresponding nucleus:     2(N )
 Position (Bohr):       -2.935879414380   -2.691347878175   -0.568750464841
 Position (Angstrom):   -1.553600480049   -1.424199963742   -0.300969784685
 Density of all electrons:  0.1954558448E+03
 Density of Alpha electrons:  0.9772792238E+02
 Density of Beta electrons:  0.9772792238E+02
 Spin density of electrons:  0.0000000000E+00
 Lagrangian kinetic energy G(r):  0.1866663099E+02
 G(r) in X,Y,Z:  0.6381495470E+01  0.6297482193E+01  0.5987653323E+01
 Hamiltonian kinetic energy K(r):  0.3673009397E+06
 Potential energy density V(r): -0.3673196064E+06
 Energy density E(r) or H(r): -0.3673009397E+06
 Laplacian of electron density: -0.1469129092E+07
 Electron localization function (ELF):  0.9999990246E+00
 Localized orbital locator (LOL):  0.9990133702E+00
 Local information entropy: -0.1309875313E+01
 Interaction region indicator (IRI):  0.2104056423E-12
 Reduced density gradient (RDG):  0.1000000000E+03
 Reduced density gradient with promolecular approximation:  0.1000000000E+03
 Sign(lambda2)*rho: -0.1954558448E+03
 Sign(lambda2)*rho with promolecular approximation: -0.1931622956E+03
 Corr. hole for alpha, ref.:   0.00000   0.00000   0.00000 : -0.4457651301E-02
 Source function, ref.:   0.00000   0.00000   0.00000 :  0.2905878131E+05
 Wavefunction value for orbital       1 :  0.4871650828E-01
 Average local ionization energy (ALIE):  0.1415350783E+02
 van der Waals potential (probe atom: C ):  0.1915473942E+76 kcal/mol
 Delta-g (under promolecular approximation):  0.5053225337E-01
 Delta-g (under Hirshfeld partition):  0.7160907894E-01
 User-defined real space function:  0.1000000000E+01
 ESP from nuclear charges:  0.2274381863E+07
 ESP from electrons: -0.3595279303E+02
 Total ESP:  0.2274345910E+07 a.u. ( 0.6188810E+08 eV, 0.1427175E+10 kcal/mol)
 
 Note: Below information is for electron density
 
 Components of gradient in x/y/z are:
 -0.1910710581E-10  0.6662956669E-10  0.7281492212E-11
 Norm of gradient is:  0.6969649043E-10
 
 Components of Laplacian in x/y/z are:
 -0.4897090570E+06 -0.4897093760E+06 -0.4897106594E+06
 Total: -0.1469129092E+07
 
 Hessian matrix:
 -0.4897090570E+06  0.1464999669E+01  0.5721388545E+00
  0.1464999669E+01 -0.4897093760E+06  0.2734816639E+00
  0.5721388545E+00  0.2734816639E+00 -0.4897106594E+06
 Eigenvalues of Hessian: -0.4897109167E+06 -0.4897105551E+06 -0.4897076206E+06
 Eigenvectors (columns) of Hessian:
  0.5194893363E+00  0.4317150755E+00 -0.7373960422E+00
 -0.3560834698E+00 -0.6750989975E+00 -0.6461005387E+00
 -0.7767466717E+00  0.5982168814E+00 -0.1969801281E+00
 Determinant of Hessian: -0.1174400189E+18
 Ellipticity of electron density:    0.000001
 eta index:   -1.000007
 Stiffness:   -1.000006
 
 Stress tensor:
 -0.1224400272E+06 -0.3380244488E+00 -0.1209558130E+00
 -0.3380244488E+00 -0.1224399390E+06 -0.4925248929E-01
 -0.1209558130E+00 -0.4925248929E-01 -0.1224396402E+06
 Eigenvalues of stress tensor: -0.1224403457E+06 -0.1224396741E+06 -0.1224395866E+06
 Eigenvectors (columns) of stress tensor:
 -0.7470778546E+00  0.4407644113E+00  0.4975956319E+00
 -0.6418585373E+00 -0.6730094739E+00 -0.3675266877E+00
 -0.1728938903E+00  0.5939570538E+00 -0.7856988742E+00
 Stress tensor stiffness:    1.000006
 Stress tensor polarizability:    0.999994
 
