 ----------------   CP     1,     Type (3,-3)   ----------------
 Corresponding nucleus:     2(N )
 Position (Bohr):       -2.416908226487   -3.340759106305    0.240720329937
 Position (Angstrom):   -1.278972754301   -1.767853586173    0.127383712804
 Density of all electrons:  0.1954607737E+03
 Density of Alpha electrons:  0.9774640078E+02
 Density of Beta electrons:  0.9771437296E+02
 Spin density of electrons:  0.3202782397E-01
 Lagrangian kinetic energy G(r):  0.1867584927E+02
 G(r) in X,Y,Z:  0.6194825626E+01  0.6661683961E+01  0.5819339684E+01
 Hamiltonian kinetic energy K(r):  0.3673064518E+06
 Potential energy density V(r): -0.3673251276E+06
 Energy density E(r) or H(r): -0.3673064518E+06
 Laplacian of electron density: -0.1469151104E+07
 Electron localization function (ELF):  0.9999990238E+00
 Localized orbital locator (LOL):  0.9990129249E+00
 Local information entropy: -0.8573306784E+00
 Interaction region indicator (IRI):  0.3836574683E-12
 Reduced density gradient (RDG):  0.1000000000E+03
 Reduced density gradient with promolecular approximation:  0.1000000000E+03
 Sign(lambda2)*rho: -0.1954607737E+03
 Sign(lambda2)*rho with promolecular approximation: -0.1931599382E+03
 Corr. hole for alpha, ref.:   0.00000   0.00000   0.00000 : -0.6646790829E-06
 Source function, ref.:   0.00000   0.00000   0.00000 :  0.2830520376E+05
 Wavefunction value for orbital       1 :  0.2604592192E-05
 Average local ionization energy (ALIE):  0.1383565684E+02
 van der Waals potential (probe atom: C ):  0.3908507592E+74 kcal/mol
 Delta-g (under promolecular approximation):  0.5049504682E-01
 Delta-g (under Hirshfeld partition):  0.7228448971E-01
 User-defined real space function:  0.1000000000E+01
 ESP from nuclear charges:  0.1644408452E+07
 ESP from electrons: -0.3795781622E+02
 Total ESP:  0.1644370495E+07 a.u. ( 0.4474560E+08 eV, 0.1031859E+10 kcal/mol)
 
 Note: Below information is for electron density
 
 Components of gradient in x/y/z are:
 -0.1080415968E-09  0.6690529410E-10 -0.1550260820E-11
 Norm of gradient is:  0.1270893714E-09
 
 Components of Laplacian in x/y/z are:
 -0.4897171998E+06 -0.4897151706E+06 -0.4897187332E+06
 Total: -0.1469151104E+07
 
 Hessian matrix:
 -0.4897171998E+06  0.2500786006E+01  0.2265275027E-01
  0.2500786006E+01 -0.4897151706E+06 -0.1100204697E+01
  0.2265275027E-01 -0.1100204697E+01 -0.4897187332E+06
 Eigenvalues of Hessian: -0.4897195092E+06 -0.4897182600E+06 -0.4897133344E+06
 Eigenvectors (columns) of Hessian:
  0.5287163129E+00  0.6590271019E+00  0.5349227416E+00
 -0.4819345468E+00 -0.2856960795E+00  0.8283217024E+00
 -0.6987117811E+00  0.6957449454E+00 -0.1665557500E+00
 Determinant of Hessian: -0.1174452977E+18
 Ellipticity of electron density:    0.000003
 eta index:   -1.000013
 Stiffness:   -1.000010
 
 Stress tensor:
 -0.1224416896E+06 -0.5519070307E+00 -0.9654385014E-02
 -0.5519070307E+00 -0.1224421160E+06  0.2593982240E+00
 -0.9654385014E-02  0.2593982240E+00 -0.1224413220E+06
 Eigenvalues of stress tensor: -0.1224425310E+06 -0.1224414512E+06 -0.1224411454E+06
 Eigenvectors (columns) of stress tensor:
  0.5388527197E+00  0.6811437606E+00 -0.4956621066E+00
  0.8245280539E+00 -0.3059020702E+00  0.4760014830E+00
 -0.1726013757E+00  0.6651820058E+00  0.7264583018E+00
 Stress tensor stiffness:    1.000011
 Stress tensor polarizability:    0.999989
 
