 ----------------   CP     1,     Type (3,-3)   ----------------
 Corresponding nucleus:     2(N )
 Position (Bohr):        3.740186916162   -3.003998283745    0.464817821963
 Position (Angstrom):    1.979221680550   -1.589647433349    0.245970998604
 Density of all electrons:  0.1954583808E+03
 Density of Alpha electrons:  0.9772919042E+02
 Density of Beta electrons:  0.9772919042E+02
 Spin density of electrons:  0.0000000000E+00
 Lagrangian kinetic energy G(r):  0.1873954750E+02
 G(r) in X,Y,Z:  0.6140920165E+01  0.6677852623E+01  0.5920774714E+01
 Hamiltonian kinetic energy K(r):  0.3673101004E+06
 Potential energy density V(r): -0.3673288400E+06
 Energy density E(r) or H(r): -0.3673101004E+06
 Laplacian of electron density: -0.1469165443E+07
 Electron localization function (ELF):  0.9999990170E+00
 Localized orbital locator (LOL):  0.9990095414E+00
 Local information entropy: -0.5506495384E+00
 Interaction region indicator (IRI):  0.1183081267E-12
 Reduced density gradient (RDG):  0.1000000000E+03
 Reduced density gradient with promolecular approximation:  0.1000000000E+03
 Sign(lambda2)*rho: -0.1954583808E+03
 Sign(lambda2)*rho with promolecular approximation: -0.1931611523E+03
 Corr. hole for alpha, ref.:   0.00000   0.00000   0.00000 : -0.1190478893E-02
 Source function, ref.:   0.00000   0.00000   0.00000 :  0.2425744346E+05
 Wavefunction value for orbital       1 : -0.5165352088E-04
 Average local ionization energy (ALIE):  0.1389496242E+02
 van der Waals potential (probe atom: C ):  0.1367559334E+75 kcal/mol
 Delta-g (under promolecular approximation):  0.5003643231E-01
 Delta-g (under Hirshfeld partition):  0.7154074170E-01
 User-defined real space function:  0.1000000000E+01
 ESP from nuclear charges:  0.1825313420E+07
 ESP from electrons: -0.3926596206E+02
 Total ESP:  0.1825274154E+07 a.u. ( 0.4966824E+08 eV, 0.1145378E+10 kcal/mol)
 
 Note: Below information is for electron density
 
 Components of gradient in x/y/z are:
  0.4835602343E-11 -0.3829874571E-10  0.6758131560E-11
 Norm of gradient is:  0.3918991344E-10
 
 Components of Laplacian in x/y/z are:
 -0.4897222886E+06 -0.4897199914E+06 -0.4897231635E+06
 Total: -0.1469165443E+07
 
 Hessian matrix:
 -0.4897222886E+06 -0.2184332394E+01  0.7223002425E+00
 -0.2184332394E+01 -0.4897199914E+06 -0.1925285858E+00
  0.7223002425E+00 -0.1925285858E+00 -0.4897231635E+06
 Eigenvalues of Hessian: -0.4897239672E+06 -0.4897228685E+06 -0.4897186077E+06
 Eigenvectors (columns) of Hessian:
  0.7323884463E+00  0.4349575643E+00 -0.5238502467E+00
  0.3748557145E+00  0.3846978285E+00  0.8434991251E+00
 -0.5684103773E+00  0.8141372722E+00 -0.1187019164E+00
 Determinant of Hessian: -0.1174487367E+18
 Ellipticity of electron density:    0.000002
 eta index:   -1.000011
 Stiffness:   -1.000009
 
 Stress tensor:
 -0.1224428540E+06  0.4971422459E+00 -0.1736466682E+00
  0.4971422459E+00 -0.1224433536E+06  0.3526766771E-01
 -0.1736466682E+00  0.3526766771E-01 -0.1224426324E+06
 Eigenvalues of stress tensor: -0.1224436744E+06 -0.1224427160E+06 -0.1224424495E+06
 Eigenvectors (columns) of stress tensor:
  0.5326791517E+00 -0.4620956934E+00  0.7090278496E+00
 -0.8381717003E+00 -0.4040031579E+00  0.3664009405E+00
  0.1171371936E+00 -0.7894612204E+00 -0.6025195925E+00
 Stress tensor stiffness:    1.000010
 Stress tensor polarizability:    0.999990
 
