 ----------------   CP     1,     Type (3,-3)   ----------------
 Corresponding nucleus:     2(N )
 Position (Bohr):        1.317500762191    3.261704506893   -2.400199213400
 Position (Angstrom):    0.697191378699    1.726019693748   -1.270130725359
 Density of all electrons:  0.1954863779E+03
 Density of Alpha electrons:  0.9774318895E+02
 Density of Beta electrons:  0.9774318895E+02
 Spin density of electrons:  0.0000000000E+00
 Lagrangian kinetic energy G(r):  0.1872467354E+02
 G(r) in X,Y,Z:  0.6156169397E+01  0.6375322933E+01  0.6193181209E+01
 Hamiltonian kinetic energy K(r):  0.3673666610E+06
 Potential energy density V(r): -0.3673853857E+06
 Energy density E(r) or H(r): -0.3673666610E+06
 Laplacian of electron density: -0.1469391745E+07
 Electron localization function (ELF):  0.9999990191E+00
 Localized orbital locator (LOL):  0.9990105628E+00
 Local information entropy:  0.1616294308E+00
 Interaction region indicator (IRI):  0.3790370035E-12
 Reduced density gradient (RDG):  0.1000000000E+03
 Reduced density gradient with promolecular approximation:  0.1000000000E+03
 Sign(lambda2)*rho: -0.1954863779E+03
 Sign(lambda2)*rho with promolecular approximation: -0.1931643582E+03
 Corr. hole for alpha, ref.:   0.00000   0.00000   0.00000 : -0.5733073570E-02
 Source function, ref.:   0.00000   0.00000   0.00000 :  0.2745763924E+05
 Wavefunction value for orbital       1 : -0.2259700442E-04
 Average local ionization energy (ALIE):  0.1414691020E+02
 van der Waals potential (probe atom: C ):  0.4374180558E+77 kcal/mol
 Delta-g (under promolecular approximation):  0.4992499474E-01
 Delta-g (under Hirshfeld partition):  0.7099455225E-01
 User-defined real space function:  0.1000000000E+01
 ESP from nuclear charges:  0.2951774201E+07
 ESP from electrons: -0.5066398254E+02
 Total ESP:  0.2951723537E+07 a.u. ( 0.8032048E+08 eV, 0.1852236E+10 kcal/mol)
 
 Note: Below information is for electron density
 
 Components of gradient in x/y/z are:
 -0.4809470096E-10  0.6899237027E-10  0.9325508320E-10
 Norm of gradient is:  0.1255769006E-09
 
 Components of Laplacian in x/y/z are:
 -0.4897976377E+06 -0.4897966920E+06 -0.4897974156E+06
 Total: -0.1469391745E+07
 
 Hessian matrix:
 -0.4897976377E+06  0.6981348701E-01 -0.3982472514E+00
  0.6981348701E-01 -0.4897966920E+06 -0.8652510456E+00
 -0.3982472514E+00 -0.8652510456E+00 -0.4897974156E+06
 Eigenvalues of Hessian: -0.4897981663E+06 -0.4897975138E+06 -0.4897960651E+06
 Eigenvectors (columns) of Hessian:
  0.5111404665E+00 -0.8405598255E+00  0.1794285461E+00
  0.4169013242E+00  0.4250247356E+00  0.8034595572E+00
  0.7516173956E+00  0.3358766944E+00 -0.5676778460E+00
 Determinant of Hessian: -0.1175030185E+18
 Ellipticity of electron density:    0.000001
 eta index:   -1.000004
 Stiffness:   -1.000003
 
 Stress tensor:
 -0.1224617218E+06 -0.1387581535E-01  0.8692129009E-01
 -0.1387581535E-01 -0.1224619236E+06  0.1889897145E+00
  0.8692129009E-01  0.1889897145E+00 -0.1224617403E+06
 Eigenvalues of stress tensor: -0.1224620525E+06 -0.1224617459E+06 -0.1224615873E+06
 Eigenvectors (columns) of stress tensor:
  0.1776995382E+00  0.8690286202E+00  0.4617489917E+00
  0.8191670378E+00 -0.3906430919E+00  0.4199563535E+00
 -0.5453331443E+00 -0.3036235036E+00  0.7812966977E+00
 Stress tensor stiffness:    1.000004
 Stress tensor polarizability:    0.999996
 
