 ----------------   CP     1,     Type (3,-3)   ----------------
 Corresponding nucleus:     2(N )
 Position (Bohr):        0.744398116202    1.179040168392   -2.788444337471
 Position (Angstrom):    0.393918518933    0.623921187852   -1.475581197261
 Density of all electrons:  0.1954821941E+03
 Density of Alpha electrons:  0.9774524029E+02
 Density of Beta electrons:  0.9773695378E+02
 Spin density of electrons:  0.8286516984E-02
 Lagrangian kinetic energy G(r):  0.1882939847E+02
 G(r) in X,Y,Z:  0.6270161057E+01  0.6388135019E+01  0.6171102396E+01
 Hamiltonian kinetic energy K(r):  0.3673800517E+06
 Potential energy density V(r): -0.3673988811E+06
 Energy density E(r) or H(r): -0.3673800517E+06
 Laplacian of electron density: -0.1469444889E+07
 Electron localization function (ELF):  0.9999990080E+00
 Localized orbital locator (LOL):  0.9990049990E+00
 Local information entropy:  0.1643966447E+00
 Interaction region indicator (IRI):  0.2696404816E-12
 Reduced density gradient (RDG):  0.1000000000E+03
 Reduced density gradient with promolecular approximation:  0.1000000000E+03
 Sign(lambda2)*rho: -0.1954821941E+03
 Sign(lambda2)*rho with promolecular approximation: -0.1931652404E+03
 Corr. hole for alpha, ref.:   0.00000   0.00000   0.00000 : -0.2522983472E-02
 Source function, ref.:   0.00000   0.00000   0.00000 :  0.3750743100E+05
 Wavefunction value for orbital       1 :  0.1855992750E-04
 Average local ionization energy (ALIE):  0.1396170928E+02
 van der Waals potential (probe atom: C ):  0.1241313585E+78 kcal/mol
 Delta-g (under promolecular approximation):  0.4883664280E-01
 Delta-g (under Hirshfeld partition):  0.7012198735E-01
 User-defined real space function:  0.1000000000E+01
 ESP from nuclear charges:  0.3219823122E+07
 ESP from electrons: -0.5491615190E+02
 Total ESP:  0.3219768206E+07 a.u. ( 0.8761435E+08 eV, 0.2020437E+10 kcal/mol)
 
 Note: Below information is for electron density
 
 Components of gradient in x/y/z are:
  0.1352015884E-10  0.4855193256E-10  0.7375617254E-10
 Norm of gradient is:  0.8933116947E-10
 
 Components of Laplacian in x/y/z are:
 -0.4898150010E+06 -0.4898145003E+06 -0.4898153880E+06
 Total: -0.1469444889E+07
 
 Hessian matrix:
 -0.4898150010E+06  0.2130853818E+00 -0.1020478919E+01
  0.2130853818E+00 -0.4898145003E+06 -0.9588242577E+00
 -0.1020478919E+01 -0.9588242577E+00 -0.4898153880E+06
 Eigenvalues of Hessian: -0.4898164485E+06 -0.4898149616E+06 -0.4898134792E+06
 Eigenvectors (columns) of Hessian:
 -0.5096377374E+00  0.7115629836E+00 -0.4836811935E+00
 -0.3344150840E+00 -0.6817859496E+00 -0.6506415838E+00
 -0.7927395085E+00 -0.1698412176E+00  0.5854212436E+00
 Determinant of Hessian: -0.1175157682E+18
 Ellipticity of electron density:    0.000003
 eta index:   -1.000006
 Stiffness:   -1.000003
 
 Stress tensor:
 -0.1224662906E+06 -0.3099559004E-01  0.2360605718E+00
 -0.3099559004E-01 -0.1224664013E+06  0.2068836872E+00
  0.2360605718E+00  0.2068836872E+00 -0.1224661892E+06
 Eigenvalues of stress tensor: -0.1224666135E+06 -0.1224663182E+06 -0.1224659493E+06
 Eigenvectors (columns) of stress tensor:
 -0.4907751269E+00 -0.7009478708E+00  0.5175054176E+00
 -0.6439236600E+00  0.6919159724E+00  0.3265189233E+00
  0.5869430083E+00  0.1729866166E+00  0.7909320676E+00
 Stress tensor stiffness:    1.000005
 Stress tensor polarizability:    0.999995
 
