 ----------------   CP     1,     Type (3,-3)   ----------------
 Corresponding nucleus:     2(N )
 Position (Bohr):       -1.483581152412    2.277597876431   -2.997957716373
 Position (Angstrom):   -0.785077336382    1.205252891808   -1.586450902756
 Density of all electrons:  0.1954891867E+03
 Density of Alpha electrons:  0.9774459333E+02
 Density of Beta electrons:  0.9774459333E+02
 Spin density of electrons:  0.0000000000E+00
 Lagrangian kinetic energy G(r):  0.1876436344E+02
 G(r) in X,Y,Z:  0.6297306590E+01  0.6137106927E+01  0.6329949919E+01
 Hamiltonian kinetic energy K(r):  0.3673852364E+06
 Potential energy density V(r): -0.3674040008E+06
 Energy density E(r) or H(r): -0.3673852364E+06
 Laplacian of electron density: -0.1469465888E+07
 Electron localization function (ELF):  0.9999990150E+00
 Localized orbital locator (LOL):  0.9990084913E+00
 Local information entropy:  0.1616199516E+00
 Interaction region indicator (IRI):  0.3085094773E-12
 Reduced density gradient (RDG):  0.1000000000E+03
 Reduced density gradient with promolecular approximation:  0.1000000000E+03
 Sign(lambda2)*rho: -0.1954891867E+03
 Sign(lambda2)*rho with promolecular approximation: -0.1931653110E+03
 Corr. hole for alpha, ref.:   0.00000   0.00000   0.00000 : -0.3513995713E-06
 Source function, ref.:   0.00000   0.00000   0.00000 :  0.2889634217E+05
 Wavefunction value for orbital       1 :  0.2779299148E-04
 Average local ionization energy (ALIE):  0.1411127937E+02
 van der Waals potential (probe atom: C ):  0.4050263100E+78 kcal/mol
 Delta-g (under promolecular approximation):  0.4907425865E-01
 Delta-g (under Hirshfeld partition):  0.7006984010E-01
 User-defined real space function:  0.1000000000E+01
 ESP from nuclear charges:  0.3553296698E+07
 ESP from electrons: -0.5295121208E+02
 Total ESP:  0.3553243746E+07 a.u. ( 0.9668868E+08 eV, 0.2229696E+10 kcal/mol)
 
 Note: Below information is for electron density
 
 Components of gradient in x/y/z are:
 -0.3045865400E-10  0.9250259233E-10  0.3103083191E-10
 Norm of gradient is:  0.1022123854E-09
 
 Components of Laplacian in x/y/z are:
 -0.4898218256E+06 -0.4898224662E+06 -0.4898215964E+06
 Total: -0.1469465888E+07
 
 Hessian matrix:
 -0.4898218256E+06  0.3871155130E+00  0.7540830341E+00
  0.3871155130E+00 -0.4898224662E+06 -0.4311310805E+00
  0.7540830341E+00 -0.4311310805E+00 -0.4898215964E+06
 Eigenvalues of Hessian: -0.4898230459E+06 -0.4898218983E+06 -0.4898209440E+06
 Eigenvectors (columns) of Hessian:
  0.5208529110E+00 -0.5712212741E+00  0.6343646436E+00
 -0.7053944033E+00 -0.7065178595E+00 -0.5701973443E-01
 -0.4807608355E+00  0.4177783746E+00  0.7709281736E+00
 Determinant of Hessian: -0.1175208064E+18
 Ellipticity of electron density:    0.000002
 eta index:   -1.000004
 Stiffness:   -1.000002
 
 Stress tensor:
 -0.1224680510E+06 -0.9929622654E-01 -0.1691620744E+00
 -0.9929622654E-01 -0.1224678908E+06  0.9496059712E-01
 -0.1691620744E+00  0.9496059712E-01 -0.1224680590E+06
 Eigenvalues of stress tensor: -0.1224682242E+06 -0.1224680257E+06 -0.1224677509E+06
 Eigenvectors (columns) of stress tensor:
 -0.7002231325E+00  0.4976278607E+00  0.5119121770E+00
 -0.5208218568E-02  0.7134603895E+00 -0.7006762070E+00
 -0.7139050632E+00 -0.4932958390E+00 -0.4969897142E+00
 Stress tensor stiffness:    1.000004
 Stress tensor polarizability:    0.999996
 
