 ----------------   CP     1,     Type (3,-3)   ----------------
 Corresponding nucleus:     2(N )
 Position (Bohr):       -0.618662010876    2.539456931653   -2.169580098449
 Position (Angstrom):   -0.327381837407    1.343822736301   -1.148092345328
 Density of all electrons:  0.1955129877E+03
 Density of Alpha electrons:  0.9775763514E+02
 Density of Beta electrons:  0.9775535260E+02
 Spin density of electrons:  0.2282538290E-02
 Lagrangian kinetic energy G(r):  0.1872723849E+02
 G(r) in X,Y,Z:  0.6330033689E+01  0.6081098501E+01  0.6316106295E+01
 Hamiltonian kinetic energy K(r):  0.3674297869E+06
 Potential energy density V(r): -0.3674485142E+06
 Energy density E(r) or H(r): -0.3674297869E+06
 Laplacian of electron density: -0.1469644239E+07
 Electron localization function (ELF):  0.9999990193E+00
 Localized orbital locator (LOL):  0.9990106516E+00
 Local information entropy:  0.1587477442E+00
 Interaction region indicator (IRI):  0.3649717593E-12
 Reduced density gradient (RDG):  0.1000000000E+03
 Reduced density gradient with promolecular approximation:  0.1000000000E+03
 Sign(lambda2)*rho: -0.1955129877E+03
 Sign(lambda2)*rho with promolecular approximation: -0.1931659756E+03
 Corr. hole for alpha, ref.:   0.00000   0.00000   0.00000 : -0.2927264888E-02
 Source function, ref.:   0.00000   0.00000   0.00000 :  0.3442901728E+05
 Wavefunction value for orbital       1 : -0.3546518673E-04
 Average local ionization energy (ALIE):  0.1421856671E+02
 van der Waals potential (probe atom: C ):  0.4714741433E+79 kcal/mol
 Delta-g (under promolecular approximation):  0.4890021305E-01
 Delta-g (under Hirshfeld partition):  0.6971908488E-01
 User-defined real space function:  0.1000000000E+01
 ESP from nuclear charges:  0.4359753485E+07
 ESP from electrons: -0.5314077415E+02
 Total ESP:  0.4359700344E+07 a.u. ( 0.1186335E+09 eV, 0.2735756E+10 kcal/mol)
 
 Note: Below information is for electron density
 
 Components of gradient in x/y/z are:
  0.1421173534E-12  0.8915769155E-10  0.8170794786E-10
 Norm of gradient is:  0.1209351186E-09
 
 Components of Laplacian in x/y/z are:
 -0.4898810961E+06 -0.4898820826E+06 -0.4898810601E+06
 Total: -0.1469644239E+07
 
 Hessian matrix:
 -0.4898810961E+06  0.1953809061E+00  0.2170136698E+00
  0.1953809061E+00 -0.4898820826E+06 -0.3902938594E+00
  0.2170136698E+00 -0.3902938594E+00 -0.4898810601E+06
 Eigenvalues of Hessian: -0.4898822705E+06 -0.4898811350E+06 -0.4898808334E+06
 Eigenvectors (columns) of Hessian:
 -0.2144739820E+00  0.8074146871E+00  0.5496202636E+00
  0.9177053548E+00  0.3592312777E+00 -0.1696165409E+00
  0.3343916759E+00 -0.4680111240E+00  0.8180145444E+00
 Determinant of Hessian: -0.1175636024E+18
 Ellipticity of electron density:    0.000002
 eta index:   -1.000003
 Stiffness:   -1.000001
 
 Stress tensor:
 -0.1224829341E+06 -0.5323346863E-01 -0.4629747909E-01
 -0.5323346863E-01 -0.1224826828E+06  0.7584781513E-01
 -0.4629747909E-01  0.7584781513E-01 -0.1224828972E+06
 Eigenvalues of stress tensor: -0.1224829655E+06 -0.1224829046E+06 -0.1224826441E+06
 Eigenvectors (columns) of stress tensor:
 -0.8314286216E+00 -0.5102438919E+00  0.2199491258E+00
 -0.7500806593E-02 -0.3855110779E+00 -0.9226727192E+00
 -0.5555809437E+00  0.7687863030E+00 -0.3166977033E+00
 Stress tensor stiffness:    1.000003
 Stress tensor polarizability:    0.999997
 
