 ----------------   CP     1,     Type (3,-3)   ----------------
 Corresponding nucleus:     2(N )
 Position (Bohr):       -3.128700733301    2.946213288998   -0.659241565593
 Position (Angstrom):   -1.655637127798    1.559068930997   -0.348855612992
 Density of all electrons:  0.1955072430E+03
 Density of Alpha electrons:  0.9781503986E+02
 Density of Beta electrons:  0.9769220316E+02
 Spin density of electrons:  0.1228366938E+00
 Lagrangian kinetic energy G(r):  0.1855371155E+02
 G(r) in X,Y,Z:  0.6305254841E+01  0.6465874583E+01  0.5782582126E+01
 Hamiltonian kinetic energy K(r):  0.3673855305E+06
 Potential energy density V(r): -0.3674040842E+06
 Energy density E(r) or H(r): -0.3673855305E+06
 Laplacian of electron density: -0.1469467907E+07
 Electron localization function (ELF):  0.9999990373E+00
 Localized orbital locator (LOL):  0.9990197622E+00
 Local information entropy: -0.1278495246E+01
 Interaction region indicator (IRI):  0.1753398614E-12
 Reduced density gradient (RDG):  0.1000000000E+03
 Reduced density gradient with promolecular approximation:  0.1000000000E+03
 Sign(lambda2)*rho: -0.1955072430E+03
 Sign(lambda2)*rho with promolecular approximation: -0.1931573926E+03
 Corr. hole for alpha, ref.:   0.00000   0.00000   0.00000 : -0.1664988428E-01
 Source function, ref.:   0.00000   0.00000   0.00000 :  0.2689544076E+05
 Wavefunction value for orbital       1 :  0.2367294118E+00
 Average local ionization energy (ALIE):  0.1395343393E+02
 van der Waals potential (probe atom: C ):  0.5344644199E+73 kcal/mol
 Delta-g (under promolecular approximation):  0.5125101652E-01
 Delta-g (under Hirshfeld partition):  0.7300726094E-01
 User-defined real space function:  0.1000000000E+01
 ESP from nuclear charges:  0.1393163652E+07
 ESP from electrons: -0.3520716123E+02
 Total ESP:  0.1393128445E+07 a.u. ( 0.3790895E+08 eV, 0.8742020E+09 kcal/mol)
 
 Note: Below information is for electron density
 
 Components of gradient in x/y/z are:
  0.5619217906E-10 -0.2521616254E-11 -0.1454085667E-10
 Norm of gradient is:  0.5809781449E-10
 
 Components of Laplacian in x/y/z are:
 -0.4898221488E+06 -0.4898214078E+06 -0.4898243505E+06
 Total: -0.1469467907E+07
 
 Hessian matrix:
 -0.4898221488E+06 -0.3039252721E+01  0.1134952051E+01
 -0.3039252721E+01 -0.4898214078E+06 -0.8228898371E+00
  0.1134952051E+01 -0.8228898371E+00 -0.4898243505E+06
 Eigenvalues of Hessian: -0.4898250621E+06 -0.4898244439E+06 -0.4898184010E+06
 Eigenvectors (columns) of Hessian:
 -0.6834381699E+00 -0.3245373547E+00  0.6539019600E+00
 -0.4366651102E+00 -0.5360842208E+00 -0.7224522751E+00
  0.5850092729E+00 -0.7792876322E+00  0.2246662790E+00
 Determinant of Hessian: -0.1175212907E+18
 Ellipticity of electron density:    0.000001
 eta index:   -1.000014
 Stiffness:   -1.000012
 
 Stress tensor:
 -0.1224681477E+06  0.6577858016E+00 -0.2469944861E+00
  0.6577858016E+00 -0.1224682837E+06  0.1682937246E+00
 -0.2469944861E+00  0.1682937246E+00 -0.1224676528E+06
 Eigenvalues of stress tensor: -0.1224689426E+06 -0.1224676417E+06 -0.1224674999E+06
 Eigenvectors (columns) of stress tensor:
 -0.6616119142E+00  0.3392190843E+00 -0.6687302056E+00
  0.7167773819E+00  0.5480282758E+00 -0.4311556490E+00
 -0.2202268371E+00  0.7645884002E+00  0.6057266037E+00
 Stress tensor stiffness:    1.000012
 Stress tensor polarizability:    0.999988
 
