 ----------------   CP     1,     Type (3,-3)   ----------------
 Corresponding nucleus:     2(N )
 Position (Bohr):       -1.472415466694   -3.703148409550   -0.644690935314
 Position (Angstrom):   -0.779168709955   -1.959621746926   -0.341155751044
 Density of all electrons:  0.1954801551E+03
 Density of Alpha electrons:  0.9773915931E+02
 Density of Beta electrons:  0.9774099580E+02
 Spin density of electrons: -0.1836486185E-02
 Lagrangian kinetic energy G(r):  0.1868007792E+02
 G(r) in X,Y,Z:  0.6230195846E+01  0.6411024077E+01  0.6038857996E+01
 Hamiltonian kinetic energy K(r):  0.3673483236E+06
 Potential energy density V(r): -0.3673670037E+06
 Energy density E(r) or H(r): -0.3673483236E+06
 Laplacian of electron density: -0.1469318574E+07
 Electron localization function (ELF):  0.9999990236E+00
 Localized orbital locator (LOL):  0.9990128646E+00
 Local information entropy: -0.9018039038E+00
 Interaction region indicator (IRI):  0.2279050661E-12
 Reduced density gradient (RDG):  0.1000000000E+03
 Reduced density gradient with promolecular approximation:  0.1000000000E+03
 Sign(lambda2)*rho: -0.1954801551E+03
 Sign(lambda2)*rho with promolecular approximation: -0.1931638303E+03
 Corr. hole for alpha, ref.:   0.00000   0.00000   0.00000 : -0.4388032424E-02
 Source function, ref.:   0.00000   0.00000   0.00000 :  0.2896363372E+05
 Wavefunction value for orbital       1 :  0.2017988429E-05
 Average local ionization energy (ALIE):  0.1416714920E+02
 van der Waals potential (probe atom: C ):  0.2706353898E+77 kcal/mol
 Delta-g (under promolecular approximation):  0.4986540702E-01
 Delta-g (under Hirshfeld partition):  0.7071935565E-01
 User-defined real space function:  0.1000000000E+01
 ESP from nuclear charges:  0.2835994817E+07
 ESP from electrons: -0.3832865064E+02
 Total ESP:  0.2835956489E+07 a.u. ( 0.7717030E+08 eV, 0.1779591E+10 kcal/mol)
 
 Note: Below information is for electron density
 
 Components of gradient in x/y/z are:
  0.1233476108E-11 -0.7233184411E-10  0.2161844381E-10
 Norm of gradient is:  0.7550347177E-10
 
 Components of Laplacian in x/y/z are:
 -0.4897728638E+06 -0.4897720753E+06 -0.4897736352E+06
 Total: -0.1469318574E+07
 
 Hessian matrix:
 -0.4897728638E+06  0.6299326342E+00  0.3703634563E+00
  0.6299326342E+00 -0.4897720753E+06  0.2698795037E+00
  0.3703634563E+00  0.2698795037E+00 -0.4897736352E+06
 Eigenvalues of Hessian: -0.4897737844E+06 -0.4897731510E+06 -0.4897716388E+06
 Eigenvectors (columns) of Hessian:
  0.3661159036E+00  0.7873179818E+00 -0.4960741282E+00
  0.1198973067E-01 -0.5370334775E+00 -0.8434757201E+00
 -0.9304920158E+00  0.3028620802E+00 -0.2060562274E+00
 Determinant of Hessian: -0.1174854655E+18
 Ellipticity of electron density:    0.000001
 eta index:   -1.000004
 Stiffness:   -1.000003
 
 Stress tensor:
 -0.1224556763E+06 -0.1382258556E+00 -0.8009242516E-01
 -0.1382258556E+00 -0.1224558409E+06 -0.5091600266E-01
 -0.8009242516E-01 -0.5091600266E-01 -0.1224554865E+06
 Eigenvalues of stress tensor: -0.1224559353E+06 -0.1224556112E+06 -0.1224554572E+06
 Eigenvectors (columns) of stress tensor:
  0.5067707032E+00  0.7910532484E+00 -0.3426634101E+00
  0.8417903191E+00 -0.5398032673E+00 -0.1221187286E-02
  0.1859368525E+00  0.2878318794E+00  0.9394574477E+00
 Stress tensor stiffness:    1.000004
 Stress tensor polarizability:    0.999996
 
