 ----------------   CP     1,     Type (3,-3)   ----------------
 Corresponding nucleus:     2(N )
 Position (Bohr):        1.443264484965   -3.209172472793    2.838771487483
 Position (Angstrom):    0.763742674749   -1.698220938459    1.502213178137
 Density of all electrons:  0.1955002547E+03
 Density of Alpha electrons:  0.9785215363E+02
 Density of Beta electrons:  0.9764810103E+02
 Spin density of electrons:  0.2040525947E+00
 Lagrangian kinetic energy G(r):  0.1868050112E+02
 G(r) in X,Y,Z:  0.6008193181E+01  0.6238337974E+01  0.6433969967E+01
 Hamiltonian kinetic energy K(r):  0.3673815758E+06
 Potential energy density V(r): -0.3674002563E+06
 Energy density E(r) or H(r): -0.3673815758E+06
 Laplacian of electron density: -0.1469451581E+07
 Electron localization function (ELF):  0.9999990240E+00
 Localized orbital locator (LOL):  0.9990130119E+00
 Local information entropy:  0.1643362624E+00
 Interaction region indicator (IRI):  0.3670843787E-12
 Reduced density gradient (RDG):  0.1000000000E+03
 Reduced density gradient with promolecular approximation:  0.1000000000E+03
 Sign(lambda2)*rho: -0.1955002547E+03
 Sign(lambda2)*rho with promolecular approximation: -0.1931584668E+03
 Corr. hole for alpha, ref.:   0.00000   0.00000   0.00000 : -0.4958757200E-02
 Source function, ref.:   0.00000   0.00000   0.00000 :  0.2586428443E+05
 Wavefunction value for orbital       1 :  0.1137094238E-04
 Average local ionization energy (ALIE):  0.1392558983E+02
 van der Waals potential (probe atom: C ):  0.1382606720E+74 kcal/mol
 Delta-g (under promolecular approximation):  0.5029252720E-01
 Delta-g (under Hirshfeld partition):  0.7196872953E-01
 User-defined real space function:  0.1000000000E+01
 ESP from nuclear charges:  0.1508011457E+07
 ESP from electrons: -0.5116475999E+02
 Total ESP:  0.1507960293E+07 a.u. ( 0.4103369E+08 eV, 0.9462602E+09 kcal/mol)
 
 Note: Below information is for electron density
 
 Components of gradient in x/y/z are:
  0.2809450527E-10  0.9645842582E-10 -0.6855260481E-10
 Norm of gradient is:  0.1216264312E-09
 
 Components of Laplacian in x/y/z are:
 -0.4898181596E+06 -0.4898171411E+06 -0.4898162806E+06
 Total: -0.1469451581E+07
 
 Hessian matrix:
 -0.4898181596E+06 -0.1447272219E+01  0.1395065176E+01
 -0.1447272219E+01 -0.4898171411E+06 -0.2990307323E+01
  0.1395065176E+01 -0.2990307323E+01 -0.4898162806E+06
 Eigenvalues of Hessian: -0.4898197663E+06 -0.4898188915E+06 -0.4898129235E+06
 Eigenvectors (columns) of Hessian:
  0.1866693943E+00 -0.9151017143E+00 -0.3574120728E+00
  0.7813127228E+00 -0.8226590655E-01  0.6186943913E+00
  0.5955711263E+00  0.3947419070E+00 -0.6996240850E+00
 Determinant of Hessian: -0.1175173738E+18
 Ellipticity of electron density:    0.000002
 eta index:   -1.000014
 Stiffness:   -1.000012
 
 Stress tensor:
 -0.1224665563E+06  0.3084765802E+00 -0.2857946766E+00
  0.3084765802E+00 -0.1224667619E+06  0.6385158159E+00
 -0.2857946766E+00  0.6385158159E+00 -0.1224669381E+06
 Eigenvalues of stress tensor: -0.1224676540E+06 -0.1224664057E+06 -0.1224661965E+06
 Eigenvectors (columns) of stress tensor:
 -0.3563189327E+00  0.9138413881E+00 -0.1947581463E+00
  0.6221583674E+00  0.7653702879E-01 -0.7791412254E+00
 -0.6971052891E+00 -0.3987931802E+00 -0.5958256585E+00
 Stress tensor stiffness:    1.000012
 Stress tensor polarizability:    0.999988
 
