 ----------------   CP     1,     Type (3,-3)   ----------------
 Corresponding nucleus:     2(N )
 Position (Bohr):        3.937756408767    2.812437589775    0.195308447847
 Position (Angstrom):    2.083770953607    1.488277879596    0.103352779698
 Density of all electrons:  0.1955391731E+03
 Density of Alpha electrons:  0.9781963037E+02
 Density of Beta electrons:  0.9771954273E+02
 Spin density of electrons:  0.1000876424E+00
 Lagrangian kinetic energy G(r):  0.1864360261E+02
 G(r) in X,Y,Z:  0.6278226603E+01  0.6478534582E+01  0.5886841420E+01
 Hamiltonian kinetic energy K(r):  0.3674572266E+06
 Potential energy density V(r): -0.3674758702E+06
 Energy density E(r) or H(r): -0.3674572266E+06
 Laplacian of electron density: -0.1469754332E+07
 Electron localization function (ELF):  0.9999990284E+00
 Localized orbital locator (LOL):  0.9990152854E+00
 Local information entropy: -0.5366260538E+00
 Interaction region indicator (IRI):  0.2868951772E-12
 Reduced density gradient (RDG):  0.1000000000E+03
 Reduced density gradient with promolecular approximation:  0.1000000000E+03
 Sign(lambda2)*rho: -0.1955391731E+03
 Sign(lambda2)*rho with promolecular approximation: -0.1931616890E+03
 Corr. hole for alpha, ref.:   0.00000   0.00000   0.00000 : -0.1080954415E-02
 Source function, ref.:   0.00000   0.00000   0.00000 :  0.2415058034E+05
 Wavefunction value for orbital       1 :  0.2573260334E-03
 Average local ionization energy (ALIE):  0.1376415154E+02
 van der Waals potential (probe atom: C ):  0.3771084465E+75 kcal/mol
 Delta-g (under promolecular approximation):  0.4948902121E-01
 Delta-g (under Hirshfeld partition):  0.7082390726E-01
 User-defined real space function:  0.1000000000E+01
 ESP from nuclear charges:  0.1986310141E+07
 ESP from electrons: -0.3944277587E+02
 Total ESP:  0.1986270698E+07 a.u. ( 0.5404917E+08 eV, 0.1246405E+10 kcal/mol)
 
 Note: Below information is for electron density
 
 Components of gradient in x/y/z are:
  0.9062656050E-10 -0.2831240880E-10  0.5007513219E-11
 Norm of gradient is:  0.9507807922E-10
 
 Components of Laplacian in x/y/z are:
 -0.4899178670E+06 -0.4899169939E+06 -0.4899194711E+06
 Total: -0.1469754332E+07
 
 Hessian matrix:
 -0.4899178670E+06  0.2068806628E+01  0.6101906225E-01
  0.2068806628E+01 -0.4899169939E+06  0.6133016842E+00
  0.6101906225E-01  0.6133016842E+00 -0.4899194711E+06
 Eigenvalues of Hessian: -0.4899198760E+06 -0.4899192031E+06 -0.4899152529E+06
 Eigenvectors (columns) of Hessian:
 -0.5042345378E+00 -0.6034929388E+00 -0.6176923212E+00
  0.5102095360E+00  0.3689016177E+00 -0.7769155848E+00
 -0.6967307660E+00  0.7069001834E+00 -0.1218949156E+00
 Determinant of Hessian: -0.1175900250E+18
 Ellipticity of electron density:    0.000001
 eta index:   -1.000009
 Stiffness:   -1.000008
 
 Stress tensor:
 -0.1224920232E+06 -0.4745681597E+00 -0.2002547856E-01
 -0.4745681597E+00 -0.1224922056E+06 -0.1407221507E+00
 -0.2002547856E-01 -0.1407221507E+00 -0.1224916415E+06
 Eigenvalues of stress tensor: -0.1224926128E+06 -0.1224917023E+06 -0.1224915550E+06
 Eigenvectors (columns) of stress tensor:
  0.6246748370E+00  0.6132499461E+00  0.4834313308E+00
  0.7708877327E+00 -0.3855484312E+00 -0.5070350193E+00
  0.1245530071E+00 -0.6894033005E+00  0.7135892640E+00
 Stress tensor stiffness:    1.000009
 Stress tensor polarizability:    0.999991
 
