 ----------------   CP     1,     Type (3,-3)   ----------------
 Corresponding nucleus:     2(N )
 Position (Bohr):       -3.524379974679    1.130812403878   -1.780692047519
 Position (Angstrom):   -1.865021565163    0.598400153938   -0.942301651183
 Density of all electrons:  0.1954890673E+03
 Density of Alpha electrons:  0.9774453367E+02
 Density of Beta electrons:  0.9774453367E+02
 Spin density of electrons:  0.0000000000E+00
 Lagrangian kinetic energy G(r):  0.1874868628E+02
 G(r) in X,Y,Z:  0.6427705694E+01  0.6064808273E+01  0.6256172312E+01
 Hamiltonian kinetic energy K(r):  0.3673704659E+06
 Potential energy density V(r): -0.3673892146E+06
 Energy density E(r) or H(r): -0.3673704659E+06
 Laplacian of electron density: -0.1469406869E+07
 Electron localization function (ELF):  0.9999990166E+00
 Localized orbital locator (LOL):  0.9990093179E+00
 Local information entropy: -0.8363284586E+00
 Interaction region indicator (IRI):  0.2984580703E-12
 Reduced density gradient (RDG):  0.1000000000E+03
 Reduced density gradient with promolecular approximation:  0.1000000000E+03
 Sign(lambda2)*rho: -0.1954890673E+03
 Sign(lambda2)*rho with promolecular approximation: -0.1931646307E+03
 Corr. hole for alpha, ref.:   0.00000   0.00000   0.00000 : -0.3543199411E-02
 Source function, ref.:   0.00000   0.00000   0.00000 :  0.2846843901E+05
 Wavefunction value for orbital       1 :  0.9904462403E-04
 Average local ionization energy (ALIE):  0.1415876401E+02
 van der Waals potential (probe atom: C ):  0.6791800205E+77 kcal/mol
 Delta-g (under promolecular approximation):  0.4953047658E-01
 Delta-g (under Hirshfeld partition):  0.7061876327E-01
 User-defined real space function:  0.1000000000E+01
 ESP from nuclear charges:  0.3062001073E+07
 ESP from electrons: -0.3910679374E+02
 Total ESP:  0.3061961966E+07 a.u. ( 0.8332022E+08 eV, 0.1921412E+10 kcal/mol)
 
 Note: Below information is for electron density
 
 Components of gradient in x/y/z are:
 -0.9304215992E-10 -0.3308698171E-10 -0.5108265598E-11
 Norm of gradient is:  0.9888218373E-10
 
 Components of Laplacian in x/y/z are:
 -0.4898015434E+06 -0.4898030524E+06 -0.4898022730E+06
 Total: -0.1469406869E+07
 
 Hessian matrix:
 -0.4898015434E+06 -0.6670339547E+00  0.5180626601E+00
 -0.6670339547E+00 -0.4898030524E+06 -0.9374002805E-01
  0.5180626601E+00 -0.9374002805E-01 -0.4898022730E+06
 Eigenvalues of Hessian: -0.4898033151E+06 -0.4898024860E+06 -0.4898010677E+06
 Eigenvectors (columns) of Hessian:
  0.3770802695E+00 -0.3317924402E+00  0.8647104990E+00
  0.9202457915E+00  0.2397418585E+00 -0.3093081385E+00
 -0.1046812001E+00  0.9123801937E+00  0.3957325213E+00
 Determinant of Hessian: -0.1175066467E+18
 Ellipticity of electron density:    0.000002
 eta index:   -1.000005
 Stiffness:   -1.000003
 
 Stress tensor:
 -0.1224632413E+06  0.1342992489E+00 -0.1111125785E+00
  0.1342992489E+00 -0.1224628927E+06  0.1262821589E-01
 -0.1111125785E+00  0.1262821589E-01 -0.1224630806E+06
 Eigenvalues of stress tensor: -0.1224633343E+06 -0.1224630361E+06 -0.1224628443E+06
 Eigenvectors (columns) of stress tensor:
  0.8748749687E+00 -0.3382475282E+00  0.3466733316E+00
 -0.2774501934E+00  0.2366974751E+00  0.9311260363E+00
  0.3970077824E+00  0.9108034448E+00 -0.1132338540E+00
 Stress tensor stiffness:    1.000004
 Stress tensor polarizability:    0.999996
 
