 ----------------   CP     1,     Type (3,-3)   ----------------
 Corresponding nucleus:     2(N )
 Position (Bohr):        2.901742050878    2.477947395089   -1.386102285564
 Position (Angstrom):    1.535535765244    1.311273291298   -0.733493741501
 Density of all electrons:  0.1955020566E+03
 Density of Alpha electrons:  0.9778090941E+02
 Density of Beta electrons:  0.9772114720E+02
 Spin density of electrons:  0.5976221883E-01
 Lagrangian kinetic energy G(r):  0.1857840301E+02
 G(r) in X,Y,Z:  0.6155885679E+01  0.6185376215E+01  0.6237141112E+01
 Hamiltonian kinetic energy K(r):  0.3673714186E+06
 Potential energy density V(r): -0.3673899970E+06
 Energy density E(r) or H(r): -0.3673714186E+06
 Laplacian of electron density: -0.1469411361E+07
 Electron localization function (ELF):  0.9999990346E+00
 Localized orbital locator (LOL):  0.9990184155E+00
 Local information entropy: -0.1343733126E+01
 Interaction region indicator (IRI):  0.2572516467E-12
 Reduced density gradient (RDG):  0.1000000000E+03
 Reduced density gradient with promolecular approximation:  0.1000000000E+03
 Sign(lambda2)*rho: -0.1955020566E+03
 Sign(lambda2)*rho with promolecular approximation: -0.1931654321E+03
 Corr. hole for alpha, ref.:   0.00000   0.00000   0.00000 : -0.1498621652E-01
 Source function, ref.:   0.00000   0.00000   0.00000 :  0.2880273413E+05
 Wavefunction value for orbital       1 :  0.9564176705E+01
 Average local ionization energy (ALIE):  0.1434650470E+02
 van der Waals potential (probe atom: C ):  0.3562594464E+79 kcal/mol
 Delta-g (under promolecular approximation):  0.4764241611E-01
 Delta-g (under Hirshfeld partition):  0.6767989907E-01
 User-defined real space function:  0.1000000000E+01
 ESP from nuclear charges:  0.4259114116E+07
 ESP from electrons: -0.3553432445E+02
 Total ESP:  0.4259078582E+07 a.u. ( 0.1158954E+09 eV, 0.2672614E+10 kcal/mol)
 
 Note: Below information is for electron density
 
 Components of gradient in x/y/z are:
  0.5388539012E-10 -0.6603152681E-10  0.1195948200E-11
 Norm of gradient is:  0.8523630737E-10
 
 Components of Laplacian in x/y/z are:
 -0.4898039277E+06 -0.4898038070E+06 -0.4898036260E+06
 Total: -0.1469411361E+07
 
 Hessian matrix:
 -0.4898039277E+06 -0.2577906614E+00 -0.1284785862E+00
 -0.2577906614E+00 -0.4898038070E+06 -0.5018125106E-01
 -0.1284785862E+00 -0.5018125106E-01 -0.4898036260E+06
 Eigenvalues of Hessian: -0.4898041646E+06 -0.4898036376E+06 -0.4898035585E+06
 Eigenvectors (columns) of Hessian:
 -0.7714673185E+00  0.3280353689E+00  0.5451889336E+00
 -0.5896819050E+00 -0.6904523546E+00 -0.4189878244E+00
 -0.2389841574E+00  0.6447234623E+00 -0.7260979477E+00
 Determinant of Hessian: -0.1175077243E+18
 Ellipticity of electron density:    0.000001
 eta index:   -1.000001
 Stiffness:   -1.000000
 
 Stress tensor:
 -0.1224632937E+06  0.8711623437E-01  0.2060777280E-01
  0.8711623437E-01 -0.1224633225E+06  0.1068930774E-02
  0.2060777280E-01  0.1068930774E-02 -0.1224633808E+06
 Eigenvalues of stress tensor: -0.1224634037E+06 -0.1224633751E+06 -0.1224632181E+06
 Eigenvectors (columns) of stress tensor:
 -0.5924343842E+00  0.2578262442E+00 -0.7632477502E+00
  0.6289414466E+00 -0.4440276079E+00 -0.6381787682E+00
  0.5034423077E+00  0.8581171897E+00 -0.1008996115E+00
 Stress tensor stiffness:    1.000002
 Stress tensor polarizability:    0.999998
 
