 ----------------   CP     1,     Type (3,-3)   ----------------
 Corresponding nucleus:     2(N )
 Position (Bohr):        0.200028326193    3.567776936397   -3.128136944183
 Position (Angstrom):    0.105850431757    1.887986248327   -1.655338783445
 Density of all electrons:  0.1954849670E+03
 Density of Alpha electrons:  0.9774248348E+02
 Density of Beta electrons:  0.9774248348E+02
 Spin density of electrons:  0.0000000000E+00
 Lagrangian kinetic energy G(r):  0.1872450273E+02
 G(r) in X,Y,Z:  0.6171310523E+01  0.6225477154E+01  0.6327715058E+01
 Hamiltonian kinetic energy K(r):  0.3673689960E+06
 Potential energy density V(r): -0.3673877205E+06
 Energy density E(r) or H(r): -0.3673689960E+06
 Laplacian of electron density: -0.1469401086E+07
 Electron localization function (ELF):  0.9999990191E+00
 Localized orbital locator (LOL):  0.9990105599E+00
 Local information entropy:  0.1616341926E+00
 Interaction region indicator (IRI):  0.3377564082E-12
 Reduced density gradient (RDG):  0.1000000000E+03
 Reduced density gradient with promolecular approximation:  0.1000000000E+03
 Sign(lambda2)*rho: -0.1954849670E+03
 Sign(lambda2)*rho with promolecular approximation: -0.1931645662E+03
 Corr. hole for alpha, ref.:   0.00000   0.00000   0.00000 : -0.1768361323E-01
 Source function, ref.:   0.00000   0.00000   0.00000 :  0.2462158272E+05
 Wavefunction value for orbital       1 : -0.2954069822E-04
 Average local ionization energy (ALIE):  0.1412031514E+02
 van der Waals potential (probe atom: C ):  0.6693358555E+77 kcal/mol
 Delta-g (under promolecular approximation):  0.4997301718E-01
 Delta-g (under Hirshfeld partition):  0.7106439445E-01
 User-defined real space function:  0.1000000000E+01
 ESP from nuclear charges:  0.3058290741E+07
 ESP from electrons: -0.5202282430E+02
 Total ESP:  0.3058238718E+07 a.u. ( 0.8321891E+08 eV, 0.1919075E+10 kcal/mol)
 
 Note: Below information is for electron density
 
 Components of gradient in x/y/z are:
  0.6508648675E-11  0.5438154550E-10  0.9757966974E-10
 Norm of gradient is:  0.1118995395E-09
 
 Components of Laplacian in x/y/z are:
 -0.4898006814E+06 -0.4898004477E+06 -0.4897999567E+06
 Total: -0.1469401086E+07
 
 Hessian matrix:
 -0.4898006814E+06  0.1947520079E+00 -0.7047038688E-01
  0.1947520079E+00 -0.4898004477E+06 -0.9643448297E+00
 -0.7047038688E-01 -0.9643448297E+00 -0.4897999567E+06
 Eigenvalues of Hessian: -0.4898012206E+06 -0.4898006787E+06 -0.4897991865E+06
 Eigenvectors (columns) of Hessian:
  0.2063150236E+00 -0.9714839422E+00 -0.1168463135E+00
 -0.7834259198E+00 -0.9245896985E-01 -0.6145690906E+00
 -0.5862405131E+00 -0.2183352671E+00  0.7801613756E+00
 Determinant of Hessian: -0.1175052593E+18
 Ellipticity of electron density:    0.000001
 eta index:   -1.000004
 Stiffness:   -1.000003
 
 Stress tensor:
 -0.1224625130E+06 -0.4390710945E-01  0.7381685440E-02
 -0.4390710945E-01 -0.1224625629E+06  0.2144264986E+00
  0.7381685440E-02  0.2144264986E+00 -0.1224626446E+06
 Eigenvalues of stress tensor: -0.1224628257E+06 -0.1224625158E+06 -0.1224623790E+06
 Eigenvectors (columns) of stress tensor:
  0.1077262376E+00  0.9703507729E+00  0.2163664373E+00
  0.6392591812E+00  0.9906972928E-01 -0.7625830368E+00
 -0.7614084036E+00  0.2204644329E+00 -0.6096332313E+00
 Stress tensor stiffness:    1.000004
 Stress tensor polarizability:    0.999996
 
