 ----------------   CP     1,     Type (3,-3)   ----------------
 Corresponding nucleus:     2(N )
 Position (Bohr):       -3.620994974719   -0.782492838297   -1.694755251038
 Position (Angstrom):   -1.916148021415   -0.414077377722   -0.896825856907
 Density of all electrons:  0.1954756032E+03
 Density of Alpha electrons:  0.9773681182E+02
 Density of Beta electrons:  0.9773879140E+02
 Spin density of electrons: -0.1979580862E-02
 Lagrangian kinetic energy G(r):  0.1867073856E+02
 G(r) in X,Y,Z:  0.6443638673E+01  0.6128353895E+01  0.6098745997E+01
 Hamiltonian kinetic energy K(r):  0.3673376215E+06
 Potential energy density V(r): -0.3673562922E+06
 Energy density E(r) or H(r): -0.3673376215E+06
 Laplacian of electron density: -0.1469275803E+07
 Electron localization function (ELF):  0.9999990245E+00
 Localized orbital locator (LOL):  0.9990133194E+00
 Local information entropy: -0.9017433236E+00
 Interaction region indicator (IRI):  0.1785560473E-12
 Reduced density gradient (RDG):  0.1000000000E+03
 Reduced density gradient with promolecular approximation:  0.1000000000E+03
 Sign(lambda2)*rho: -0.1954756032E+03
 Sign(lambda2)*rho with promolecular approximation: -0.1931634949E+03
 Corr. hole for alpha, ref.:   0.00000   0.00000   0.00000 : -0.4930713091E-02
 Source function, ref.:   0.00000   0.00000   0.00000 :  0.2870056895E+05
 Wavefunction value for orbital       1 :  0.1016767973E-05
 Average local ionization energy (ALIE):  0.1417137705E+02
 van der Waals potential (probe atom: C ):  0.1875660237E+77 kcal/mol
 Delta-g (under promolecular approximation):  0.4962903065E-01
 Delta-g (under Hirshfeld partition):  0.7033020580E-01
 User-defined real space function:  0.1000000000E+01
 ESP from nuclear charges:  0.2750656186E+07
 ESP from electrons: -0.3820818570E+02
 Total ESP:  0.2750617978E+07 a.u. ( 0.7484812E+08 eV, 0.1726040E+10 kcal/mol)
 
 Note: Below information is for electron density
 
 Components of gradient in x/y/z are:
 -0.4052877471E-10  0.2604743165E-10  0.3432230749E-10
 Norm of gradient is:  0.5915294638E-10
 
 Components of Laplacian in x/y/z are:
 -0.4897576913E+06 -0.4897590194E+06 -0.4897590922E+06
 Total: -0.1469275803E+07
 
 Hessian matrix:
 -0.4897576913E+06  0.7069723982E-01  0.8976757391E+00
  0.7069723982E-01 -0.4897590194E+06  0.1013230868E+00
  0.8976757391E+00  0.1013230868E+00 -0.4897590922E+06
 Eigenvalues of Hessian: -0.4897595374E+06 -0.4897590189E+06 -0.4897572466E+06
 Eigenvectors (columns) of Hessian:
  0.4307280540E+00  0.1055310641E+00 -0.8962904317E+00
  0.1162703208E+00 -0.9913519685E+00 -0.6084806574E-01
 -0.8949606450E+00 -0.7800300712E-01 -0.4392732349E+00
 Determinant of Hessian: -0.1174752059E+18
 Ellipticity of electron density:    0.000001
 eta index:   -1.000005
 Stiffness:   -1.000004
 
 Stress tensor:
 -0.1224523101E+06 -0.1478852633E-01 -0.1978428940E+00
 -0.1478852633E-01 -0.1224520116E+06 -0.2765732896E-01
 -0.1978428940E+00 -0.2765732896E-01 -0.1224519705E+06
 Eigenvalues of stress tensor: -0.1224524026E+06 -0.1224520126E+06 -0.1224518769E+06
 Eigenvectors (columns) of stress tensor:
 -0.9058106057E+00 -0.1165425293E+00 -0.4073389074E+00
 -0.6387470548E-01  0.9879990985E+00 -0.1406335786E+00
 -0.4188402662E+00  0.1013687343E+00  0.9023841815E+00
 Stress tensor stiffness:    1.000004
 Stress tensor polarizability:    0.999996
 
