 ----------------   CP     1,     Type (3,-3)   ----------------
 Corresponding nucleus:     2(N )
 Position (Bohr):        3.122214332247   -1.829869793857   -1.518268658099
 Position (Angstrom):    1.652204672180   -0.968325393829   -0.803433173894
 Density of all electrons:  0.1954742752E+03
 Density of Alpha electrons:  0.9773713762E+02
 Density of Beta electrons:  0.9773713762E+02
 Spin density of electrons:  0.0000000000E+00
 Lagrangian kinetic energy G(r):  0.1870906930E+02
 G(r) in X,Y,Z:  0.6460475492E+01  0.6194984140E+01  0.6053609669E+01
 Hamiltonian kinetic energy K(r):  0.3673394078E+06
 Potential energy density V(r): -0.3673581169E+06
 Energy density E(r) or H(r): -0.3673394078E+06
 Laplacian of electron density: -0.1469282795E+07
 Electron localization function (ELF):  0.9999990205E+00
 Localized orbital locator (LOL):  0.9990112846E+00
 Local information entropy: -0.8793622516E+00
 Interaction region indicator (IRI):  0.3081549988E-12
 Reduced density gradient (RDG):  0.1000000000E+03
 Reduced density gradient with promolecular approximation:  0.1000000000E+03
 Sign(lambda2)*rho: -0.1954742752E+03
 Sign(lambda2)*rho with promolecular approximation: -0.1931623068E+03
 Corr. hole for alpha, ref.:   0.00000   0.00000   0.00000 : -0.7278573638E-02
 Source function, ref.:   0.00000   0.00000   0.00000 :  0.2979270892E+05
 Wavefunction value for orbital       1 :  0.1233299419E-05
 Average local ionization energy (ALIE):  0.1400282905E+02
 van der Waals potential (probe atom: C ):  0.9959730207E+75 kcal/mol
 Delta-g (under promolecular approximation):  0.5022426939E-01
 Delta-g (under Hirshfeld partition):  0.7155262385E-01
 User-defined real space function:  0.1000000000E+01
 ESP from nuclear charges:  0.2153748675E+07
 ESP from electrons: -0.3860334466E+02
 Total ESP:  0.2153710072E+07 a.u. ( 0.5860543E+08 eV, 0.1351475E+10 kcal/mol)
 
 Note: Below information is for electron density
 
 Components of gradient in x/y/z are:
 -0.8824842288E-10 -0.1293352104E-10  0.4966455678E-10
 Norm of gradient is:  0.1020863767E-09
 
 Components of Laplacian in x/y/z are:
 -0.4897600206E+06 -0.4897611216E+06 -0.4897616527E+06
 Total: -0.1469282795E+07
 
 Hessian matrix:
 -0.4897600206E+06 -0.8466417638E+00 -0.1530451541E+01
 -0.8466417638E+00 -0.4897611216E+06  0.6178851644E+00
 -0.1530451541E+01  0.6178851644E+00 -0.4897616527E+06
 Eigenvalues of Hessian: -0.4897625788E+06 -0.4897615568E+06 -0.4897586593E+06
 Eigenvectors (columns) of Hessian:
 -0.4915298862E+00  0.3781746869E+00  0.7844630503E+00
  0.8203594556E-01  0.9168919506E+00 -0.3906139457E+00
 -0.8669881629E+00 -0.1276442602E+00 -0.4817037141E+00
 Determinant of Hessian: -0.1174768831E+18
 Ellipticity of electron density:    0.000002
 eta index:   -1.000008
 Stiffness:   -1.000006
 
 Stress tensor:
 -0.1224529261E+06  0.1898926659E+00  0.3427220692E+00
  0.1898926659E+00 -0.1224526704E+06 -0.1396112157E+00
  0.3427220692E+00 -0.1396112157E+00 -0.1224525204E+06
 Eigenvalues of stress tensor: -0.1224532212E+06 -0.1224525734E+06 -0.1224523223E+06
 Eigenvectors (columns) of stress tensor:
  0.7933694639E+00 -0.3891759234E+00  0.4680886607E+00
 -0.3916377887E+00 -0.9149974872E+00 -0.9695071331E-01
 -0.4660308317E+00  0.1064034726E+00  0.8783470640E+00
 Stress tensor stiffness:    1.000007
 Stress tensor polarizability:    0.999993
 
