 ----------------   CP     1,     Type (3,-3)   ----------------
 Corresponding nucleus:     2(N )
 Position (Bohr):        0.793808999193    2.726749142615    2.924564817479
 Position (Angstrom):    0.420065632183    1.442933506121    1.547613053219
 Density of all electrons:  0.1954837102E+03
 Density of Alpha electrons:  0.9774182375E+02
 Density of Beta electrons:  0.9774188642E+02
 Spin density of electrons: -0.6267004376E-04
 Lagrangian kinetic energy G(r):  0.1871197230E+02
 G(r) in X,Y,Z:  0.6192425964E+01  0.6230597124E+01  0.6288949215E+01
 Hamiltonian kinetic energy K(r):  0.3673589434E+06
 Potential energy density V(r): -0.3673776554E+06
 Energy density E(r) or H(r): -0.3673589434E+06
 Laplacian of electron density: -0.1469360926E+07
 Electron localization function (ELF):  0.9999990204E+00
 Localized orbital locator (LOL):  0.9990112108E+00
 Local information entropy:  0.1588474969E+00
 Interaction region indicator (IRI):  0.8574401459E-13
 Reduced density gradient (RDG):  0.1000000000E+03
 Reduced density gradient with promolecular approximation:  0.1000000000E+03
 Sign(lambda2)*rho: -0.1954837102E+03
 Sign(lambda2)*rho with promolecular approximation: -0.1931643054E+03
 Corr. hole for alpha, ref.:   0.00000   0.00000   0.00000 : -0.1320835699E-03
 Source function, ref.:   0.00000   0.00000   0.00000 :  0.2868298670E+05
 Wavefunction value for orbital       1 : -0.2540130919E-04
 Average local ionization energy (ALIE):  0.1422064722E+02
 van der Waals potential (probe atom: C ):  0.4579642950E+77 kcal/mol
 Delta-g (under promolecular approximation):  0.4999946120E-01
 Delta-g (under Hirshfeld partition):  0.7101371706E-01
 User-defined real space function:  0.1000000000E+01
 ESP from nuclear charges:  0.2963086062E+07
 ESP from electrons: -0.4996660129E+02
 Total ESP:  0.2963036096E+07 a.u. ( 0.8062831E+08 eV, 0.1859335E+10 kcal/mol)
 
 Note: Below information is for electron density
 
 Components of gradient in x/y/z are:
  0.7395179258E-11  0.5250855918E-11 -0.2692021090E-10
 Norm of gradient is:  0.2840700476E-10
 
 Components of Laplacian in x/y/z are:
 -0.4897871823E+06 -0.4897870198E+06 -0.4897867238E+06
 Total: -0.1469360926E+07
 
 Hessian matrix:
 -0.4897871823E+06  0.4248010750E+00  0.2301845274E+00
  0.4248010750E+00 -0.4897870198E+06  0.8328149596E+00
  0.2301845274E+00  0.8328149596E+00 -0.4897867238E+06
 Eigenvalues of Hessian: -0.4897877827E+06 -0.4897872731E+06 -0.4897858701E+06
 Eigenvectors (columns) of Hessian:
 -0.3424384413E+00 -0.8805821806E+00 -0.3275834812E+00
  0.7732342191E+00 -0.6607975479E-01 -0.6306681444E+00
 -0.5337084937E+00  0.4692637736E+00 -0.7035245230E+00
 Determinant of Hessian: -0.1174956250E+18
 Ellipticity of electron density:    0.000001
 eta index:   -1.000004
 Stiffness:   -1.000003
 
 Stress tensor:
 -0.1224591804E+06 -0.9199507031E-01 -0.4457603137E-01
 -0.9199507031E-01 -0.1224592161E+06 -0.1866401410E+00
 -0.4457603137E-01 -0.1866401410E+00 -0.1224592589E+06
 Eigenvalues of stress tensor: -0.1224594580E+06 -0.1224591604E+06 -0.1224590370E+06
 Eigenvectors (columns) of stress tensor:
 -0.3260785552E+00 -0.8940639544E+00 -0.3071195554E+00
 -0.6521908341E+00 -0.2242139062E-01  0.7577231666E+00
 -0.6843390181E+00  0.4473778344E+00 -0.5757891815E+00
 Stress tensor stiffness:    1.000003
 Stress tensor polarizability:    0.999997
 
