 ----------------   CP     1,     Type (3,-3)   ----------------
 Corresponding nucleus:     2(N )
 Position (Bohr):        3.479002826923    0.524188482781    2.159626062347
 Position (Angstrom):    1.841009012675    0.277388599305    1.142824896266
 Density of all electrons:  0.1954794440E+03
 Density of Alpha electrons:  0.9774920070E+02
 Density of Beta electrons:  0.9773024332E+02
 Spin density of electrons:  0.1895738116E-01
 Lagrangian kinetic energy G(r):  0.1880101895E+02
 G(r) in X,Y,Z:  0.6614451883E+01  0.5943890582E+01  0.6242676488E+01
 Hamiltonian kinetic energy K(r):  0.3673569548E+06
 Potential energy density V(r): -0.3673757558E+06
 Energy density E(r) or H(r): -0.3673569548E+06
 Laplacian of electron density: -0.1469352615E+07
 Electron localization function (ELF):  0.9999990109E+00
 Localized orbital locator (LOL):  0.9990064739E+00
 Local information entropy: -0.8153164003E+00
 Interaction region indicator (IRI):  0.3180828442E-12
 Reduced density gradient (RDG):  0.1000000000E+03
 Reduced density gradient with promolecular approximation:  0.1000000000E+03
 Sign(lambda2)*rho: -0.1954794440E+03
 Sign(lambda2)*rho with promolecular approximation: -0.1931635453E+03
 Corr. hole for alpha, ref.:   0.00000   0.00000   0.00000 : -0.2378215460E-02
 Source function, ref.:   0.00000   0.00000   0.00000 :  0.2832390283E+05
 Wavefunction value for orbital       1 : -0.2179298325E-04
 Average local ionization energy (ALIE):  0.1398285081E+02
 van der Waals potential (probe atom: C ):  0.4488271074E+76 kcal/mol
 Delta-g (under promolecular approximation):  0.4872227899E-01
 Delta-g (under Hirshfeld partition):  0.6999270965E-01
 User-defined real space function:  0.1000000000E+01
 ESP from nuclear charges:  0.2441634092E+07
 ESP from electrons: -0.3909642185E+02
 Total ESP:  0.2441594996E+07 a.u. ( 0.6643918E+08 eV, 0.1532125E+10 kcal/mol)
 
 Note: Below information is for electron density
 
 Components of gradient in x/y/z are:
 -0.1043261810E-09  0.6919587939E-11 -0.1314407841E-10
 Norm of gradient is:  0.1053783637E-09
 
 Components of Laplacian in x/y/z are:
 -0.4897827436E+06 -0.4897855579E+06 -0.4897843138E+06
 Total: -0.1469352615E+07
 
 Hessian matrix:
 -0.4897827436E+06  0.1008421015E+01  0.1123894195E+01
  0.1008421015E+01 -0.4897855579E+06 -0.1633127839E+00
  0.1123894195E+01 -0.1633127839E+00 -0.4897843138E+06
 Eigenvalues of Hessian: -0.4897860534E+06 -0.4897845974E+06 -0.4897819643E+06
 Eigenvectors (columns) of Hessian:
  0.3745998232E+00 -0.2793169147E+00 -0.8841136995E+00
 -0.8688916756E+00 -0.4385296912E+00 -0.2296061104E+00
 -0.3235772372E+00  0.8542094422E+00 -0.4069692869E+00
 Determinant of Hessian: -0.1174936314E+18
 Ellipticity of electron density:    0.000003
 eta index:   -1.000008
 Stiffness:   -1.000005
 
 Stress tensor:
 -0.1224589148E+06 -0.2194232303E+00 -0.2460564694E+00
 -0.2194232303E+00 -0.1224582772E+06  0.5159654633E-01
 -0.2460564694E+00  0.5159654633E-01 -0.1224585638E+06
 Eigenvalues of stress tensor: -0.1224590797E+06 -0.1224585111E+06 -0.1224581650E+06
 Eigenvectors (columns) of stress tensor:
  0.8893089397E+00 -0.2759430659E+00 -0.3646711316E+00
  0.2172887944E+00 -0.4466918868E+00  0.8679008803E+00
  0.4023868656E+00  0.8510709622E+00  0.3372877521E+00
 Stress tensor stiffness:    1.000007
 Stress tensor polarizability:    0.999993
 
