 ----------------   CP     1,     Type (3,-3)   ----------------
 Corresponding nucleus:     2(N )
 Position (Bohr):        2.773346493212    2.784502125164    0.687434463347
 Position (Angstrom):    1.467591762145    1.473495068348    0.363774651992
 Density of all electrons:  0.1954590103E+03
 Density of Alpha electrons:  0.9772950513E+02
 Density of Beta electrons:  0.9772950513E+02
 Spin density of electrons:  0.0000000000E+00
 Lagrangian kinetic energy G(r):  0.1866076605E+02
 G(r) in X,Y,Z:  0.6293820575E+01  0.6340196884E+01  0.6026748587E+01
 Hamiltonian kinetic energy K(r):  0.3673040226E+06
 Potential energy density V(r): -0.3673226834E+06
 Energy density E(r) or H(r): -0.3673040226E+06
 Laplacian of electron density: -0.1469141447E+07
 Electron localization function (ELF):  0.9999990253E+00
 Localized orbital locator (LOL):  0.9990137065E+00
 Local information entropy: -0.1309928183E+01
 Interaction region indicator (IRI):  0.1325786864E-12
 Reduced density gradient (RDG):  0.1000000000E+03
 Reduced density gradient with promolecular approximation:  0.1000000000E+03
 Sign(lambda2)*rho: -0.1954590103E+03
 Sign(lambda2)*rho with promolecular approximation: -0.1931624076E+03
 Corr. hole for alpha, ref.:   0.00000   0.00000   0.00000 : -0.2370943500E-01
 Source function, ref.:   0.00000   0.00000   0.00000 :  0.2930331414E+05
 Wavefunction value for orbital       1 :  0.4969964231E+01
 Average local ionization energy (ALIE):  0.1415321002E+02
 van der Waals potential (probe atom: C ):  0.2049880515E+76 kcal/mol
 Delta-g (under promolecular approximation):  0.5049686916E-01
 Delta-g (under Hirshfeld partition):  0.7159699506E-01
 User-defined real space function:  0.1000000000E+01
 ESP from nuclear charges:  0.2287271436E+07
 ESP from electrons: -0.3586897674E+02
 Total ESP:  0.2287235567E+07 a.u. ( 0.6223884E+08 eV, 0.1435263E+10 kcal/mol)
 
 Note: Below information is for electron density
 
 Components of gradient in x/y/z are:
  0.2830955360E-10 -0.3357070304E-10  0.5481667594E-12
 Norm of gradient is:  0.4391723369E-10
 
 Components of Laplacian in x/y/z are:
 -0.4897135515E+06 -0.4897132914E+06 -0.4897146044E+06
 Total: -0.1469141447E+07
 
 Hessian matrix:
 -0.4897135515E+06  0.1446923727E+01  0.6358831825E+00
  0.1446923727E+01 -0.4897132914E+06  0.5171913496E+00
  0.6358831825E+00  0.5171913496E+00 -0.4897146044E+06
 Eigenvalues of Hessian: -0.4897149718E+06 -0.4897147366E+06 -0.4897117389E+06
 Eigenvectors (columns) of Hessian:
 -0.6783471337E+00  0.3292604351E+00  0.6568353919E+00
  0.3930314122E+00 -0.5927023889E+00  0.7030150690E+00
  0.6207829534E+00  0.7350451987E+00  0.2726482729E+00
 Determinant of Hessian: -0.1174429819E+18
 Ellipticity of electron density:    0.000000
 eta index:   -1.000007
 Stiffness:   -1.000006
 
 Stress tensor:
 -0.1224409755E+06 -0.3378339913E+00 -0.1445966338E+00
 -0.3378339913E+00 -0.1224410032E+06 -0.1090765402E+00
 -0.1445966338E+00 -0.1090765402E+00 -0.1224407046E+06
 Eigenvalues of stress tensor: -0.1224413753E+06 -0.1224406820E+06 -0.1224406261E+06
 Eigenvectors (columns) of stress tensor:
 -0.6763796113E+00  0.3460577360E+00  0.6501958664E+00
 -0.6898778028E+00 -0.6068949305E+00 -0.3946481479E+00
 -0.2580295306E+00  0.7154876566E+00 -0.6492289077E+00
 Stress tensor stiffness:    1.000006
 Stress tensor polarizability:    0.999994
 
