 ----------------   CP     1,     Type (3,-3)   ----------------
 Corresponding nucleus:     2(N )
 Position (Bohr):        2.741515826377   -2.586179577143    1.249235652899
 Position (Angstrom):    1.450747698648   -1.368547295527    0.661067038562
 Density of all electrons:  0.1954527648E+03
 Density of Alpha electrons:  0.9772638238E+02
 Density of Beta electrons:  0.9772638238E+02
 Spin density of electrons:  0.0000000000E+00
 Lagrangian kinetic energy G(r):  0.1872020663E+02
 G(r) in X,Y,Z:  0.6358836882E+01  0.6248698802E+01  0.6112670946E+01
 Hamiltonian kinetic energy K(r):  0.3672943625E+06
 Potential energy density V(r): -0.3673130827E+06
 Energy density E(r) or H(r): -0.3672943625E+06
 Laplacian of electron density: -0.1469102569E+07
 Electron localization function (ELF):  0.9999990190E+00
 Localized orbital locator (LOL):  0.9990105153E+00
 Local information entropy: -0.8790800595E+00
 Interaction region indicator (IRI):  0.3548516820E-12
 Reduced density gradient (RDG):  0.1000000000E+03
 Reduced density gradient with promolecular approximation:  0.1000000000E+03
 Sign(lambda2)*rho: -0.1954527648E+03
 Sign(lambda2)*rho with promolecular approximation: -0.1931625495E+03
 Corr. hole for alpha, ref.:   0.00000   0.00000   0.00000 : -0.6933268305E-02
 Source function, ref.:   0.00000   0.00000   0.00000 :  0.2944406021E+05
 Wavefunction value for orbital       1 :  0.1719779424E-05
 Average local ionization energy (ALIE):  0.1400801983E+02
 van der Waals potential (probe atom: C ):  0.1145568394E+76 kcal/mol
 Delta-g (under promolecular approximation):  0.5046311261E-01
 Delta-g (under Hirshfeld partition):  0.7201635952E-01
 User-defined real space function:  0.1000000000E+01
 ESP from nuclear charges:  0.2179010924E+07
 ESP from electrons: -0.3848851830E+02
 Total ESP:  0.2178972436E+07 a.u. ( 0.5929286E+08 eV, 0.1367327E+10 kcal/mol)
 
 Note: Below information is for electron density
 
 Components of gradient in x/y/z are:
 -0.6039143669E-10  0.9668425672E-10 -0.2865549515E-10
 Norm of gradient is:  0.1175419437E-09
 
 Components of Laplacian in x/y/z are:
 -0.4897003933E+06 -0.4897007881E+06 -0.4897013877E+06
 Total: -0.1469102569E+07
 
 Hessian matrix:
 -0.4897003933E+06 -0.1772307895E+01  0.6467728091E+00
 -0.1772307895E+01 -0.4897007881E+06 -0.9287066100E+00
  0.6467728091E+00 -0.9287066100E+00 -0.4897013877E+06
 Eigenvalues of Hessian: -0.4897024652E+06 -0.4897017047E+06 -0.4896983993E+06
 Eigenvectors (columns) of Hessian:
 -0.5526726705E+00 -0.4770146780E+00 -0.6833812379E+00
 -0.7659435916E+00 -0.3244197546E-01  0.6420887265E+00
 -0.3284559844E+00  0.8782963710E+00 -0.3474365425E+00
 Determinant of Hessian: -0.1174336584E+18
 Ellipticity of electron density:    0.000002
 eta index:   -1.000008
 Stiffness:   -1.000007
 
 Stress tensor:
 -0.1224378160E+06  0.3985912817E+00 -0.1511980516E+00
  0.3985912817E+00 -0.1224376944E+06  0.2127809823E+00
 -0.1511980516E+00  0.2127809823E+00 -0.1224375723E+06
 Eigenvalues of stress tensor: -0.1224382533E+06 -0.1224375011E+06 -0.1224373283E+06
 Eigenvectors (columns) of stress tensor:
 -0.6942285636E+00  0.4924392087E+00  0.5249288783E+00
  0.6286172423E+00  0.5962266575E-01  0.7754260122E+00
 -0.3505525128E+00 -0.8683022305E+00  0.3509475350E+00
 Stress tensor stiffness:    1.000008
 Stress tensor polarizability:    0.999992
 
