 ----------------   CP     1,     Type (3,-3)   ----------------
 Corresponding nucleus:     2(N )
 Position (Bohr):       -3.054715428156   -2.072879454358    1.289347480803
 Position (Angstrom):   -1.616485790374   -1.096920568195    0.682293303776
 Density of all electrons:  0.1954737059E+03
 Density of Alpha electrons:  0.9773575299E+02
 Density of Beta electrons:  0.9773795289E+02
 Spin density of electrons: -0.2199895071E-02
 Lagrangian kinetic energy G(r):  0.1867169122E+02
 G(r) in X,Y,Z:  0.6344994382E+01  0.6229226169E+01  0.6097470672E+01
 Hamiltonian kinetic energy K(r):  0.3673269935E+06
 Potential energy density V(r): -0.3673456652E+06
 Energy density E(r) or H(r): -0.3673269935E+06
 Laplacian of electron density: -0.1469233287E+07
 Electron localization function (ELF):  0.9999990244E+00
 Localized orbital locator (LOL):  0.9990132532E+00
 Local information entropy: -0.9017180724E+00
 Interaction region indicator (IRI):  0.2640336056E-12
 Reduced density gradient (RDG):  0.1000000000E+03
 Reduced density gradient with promolecular approximation:  0.1000000000E+03
 Sign(lambda2)*rho: -0.1954737059E+03
 Sign(lambda2)*rho with promolecular approximation: -0.1931639360E+03
 Corr. hole for alpha, ref.:   0.00000   0.00000   0.00000 : -0.6818263666E-02
 Source function, ref.:   0.00000   0.00000   0.00000 :  0.2989988997E+05
 Wavefunction value for orbital       1 :  0.2808184129E-05
 Average local ionization energy (ALIE):  0.1416696490E+02
 van der Waals potential (probe atom: C ):  0.3902597370E+77 kcal/mol
 Delta-g (under promolecular approximation):  0.4988523555E-01
 Delta-g (under Hirshfeld partition):  0.7071403895E-01
 User-defined real space function:  0.1000000000E+01
 ESP from nuclear charges:  0.2923834384E+07
 ESP from electrons: -0.3832705112E+02
 Total ESP:  0.2923796057E+07 a.u. ( 0.7956054E+08 eV, 0.1834711E+10 kcal/mol)
 
 Note: Below information is for electron density
 
 Components of gradient in x/y/z are:
 -0.5942922464E-10  0.6325287680E-10 -0.1086946327E-10
 Norm of gradient is:  0.8746944836E-10
 
 Components of Laplacian in x/y/z are:
 -0.4897439547E+06 -0.4897444107E+06 -0.4897449220E+06
 Total: -0.1469233287E+07
 
 Hessian matrix:
 -0.4897439547E+06  0.4518023849E+00 -0.7034095982E+00
  0.4518023849E+00 -0.4897444107E+06 -0.3999535735E+00
 -0.7034095982E+00 -0.3999535735E+00 -0.4897449220E+06
 Eigenvalues of Hessian: -0.4897453209E+06 -0.4897446879E+06 -0.4897432786E+06
 Eigenvectors (columns) of Hessian:
  0.3964149956E+00  0.5020171158E+00  0.7686572492E+00
  0.1972191024E+00 -0.8642710830E+00  0.4627527642E+00
  0.8966380412E+00 -0.3184824226E-01 -0.4416173825E+00
 Determinant of Hessian: -0.1174650083E+18
 Ellipticity of electron density:    0.000001
 eta index:   -1.000004
 Stiffness:   -1.000003
 
 Stress tensor:
 -0.1224486787E+06 -0.9568429027E-01  0.1545329981E+00
 -0.9568429027E-01 -0.1224485611E+06  0.8549486207E-01
  0.1545329981E+00  0.8549486207E-01 -0.1224484254E+06
 Eigenvalues of stress tensor: -0.1224488127E+06 -0.1224485076E+06 -0.1224483449E+06
 Eigenvectors (columns) of stress tensor:
 -0.7946195271E+00 -0.4856179822E+00  0.3643555715E+00
 -0.4432060175E+00  0.8741631246E+00  0.1985126132E+00
  0.4149074995E+00  0.3742582973E-02  0.9098559006E+00
 Stress tensor stiffness:    1.000004
 Stress tensor polarizability:    0.999996
 
