 ----------------   CP     1,     Type (3,-3)   ----------------
 Corresponding nucleus:     2(N )
 Position (Bohr):        3.489780825046    2.957729055462   -0.579840395494
 Position (Angstrom):    1.846712483661    1.565162812176   -0.306838323256
 Density of all electrons:  0.1955303872E+03
 Density of Alpha electrons:  0.9786460209E+02
 Density of Beta electrons:  0.9766578510E+02
 Spin density of electrons:  0.1988169899E+00
 Lagrangian kinetic energy G(r):  0.1854273798E+02
 G(r) in X,Y,Z:  0.6518345079E+01  0.6402439490E+01  0.5621953410E+01
 Hamiltonian kinetic energy K(r):  0.3674248211E+06
 Potential energy density V(r): -0.3674433639E+06
 Energy density E(r) or H(r): -0.3674248211E+06
 Laplacian of electron density: -0.1469625114E+07
 Electron localization function (ELF):  0.9999990388E+00
 Localized orbital locator (LOL):  0.9990205348E+00
 Local information entropy: -0.1278875758E+01
 Interaction region indicator (IRI):  0.1611694196E-12
 Reduced density gradient (RDG):  0.1000000000E+03
 Reduced density gradient with promolecular approximation:  0.1000000000E+03
 Sign(lambda2)*rho: -0.1955303872E+03
 Sign(lambda2)*rho with promolecular approximation: -0.1931560767E+03
 Corr. hole for alpha, ref.:   0.00000   0.00000   0.00000 : -0.1530449497E-03
 Source function, ref.:   0.00000   0.00000   0.00000 :  0.2536208654E+05
 Wavefunction value for orbital       1 :  0.7881371410E-04
 Average local ionization energy (ALIE):  0.1393887278E+02
 van der Waals potential (probe atom: C ):  0.1790454676E+73 kcal/mol
 Delta-g (under promolecular approximation):  0.5122337188E-01
 Delta-g (under Hirshfeld partition):  0.7309858923E-01
 User-defined real space function:  0.1000000000E+01
 ESP from nuclear charges:  0.1271811975E+07
 ESP from electrons: -0.3490290604E+02
 Total ESP:  0.1271777072E+07 a.u. ( 0.3460681E+08 eV, 0.7980528E+09 kcal/mol)
 
 Note: Below information is for electron density
 
 Components of gradient in x/y/z are:
  0.3829954994E-10 -0.3460233109E-10 -0.1372572153E-10
 Norm of gradient is:  0.5340947738E-10
 
 Components of Laplacian in x/y/z are:
 -0.4898736029E+06 -0.4898740635E+06 -0.4898774472E+06
 Total: -0.1469625114E+07
 
 Hessian matrix:
 -0.4898736029E+06  0.3545908073E+01 -0.5547847234E+00
  0.3545908073E+01 -0.4898740635E+06 -0.7568073827E-01
 -0.5547847234E+00 -0.7568073827E-01 -0.4898774472E+06
 Eigenvalues of Hessian: -0.4898777580E+06 -0.4898771048E+06 -0.4898702508E+06
 Eigenvectors (columns) of Hessian:
  0.4826983968E+00  0.4836002586E+00  0.7301596042E+00
 -0.4478721481E+00 -0.5801454582E+00  0.6803247654E+00
  0.7526040106E+00 -0.6554098239E+00 -0.6344419594E-01
 Determinant of Hessian: -0.1175590127E+18
 Ellipticity of electron density:    0.000001
 eta index:   -1.000015
 Stiffness:   -1.000014
 
 Stress tensor:
 -0.1224814374E+06 -0.7486892734E+00  0.1154550553E+00
 -0.7486892734E+00 -0.1224813208E+06  0.7987289659E-02
  0.1154550553E+00  0.7987289659E-02 -0.1224806057E+06
 Eigenvalues of stress tensor: -0.1224821354E+06 -0.1224806880E+06 -0.1224805405E+06
 Eigenvectors (columns) of stress tensor:
 -0.7347017123E+00  0.4942000332E+00 -0.4647361844E+00
 -0.6758213590E+00 -0.5927572299E+00  0.4380688954E+00
  0.5898207069E-01 -0.6359286073E+00 -0.7694906899E+00
 Stress tensor stiffness:    1.000013
 Stress tensor polarizability:    0.999987
 
