 ----------------   CP     1,     Type (3,-3)   ----------------
 Corresponding nucleus:     2(N )
 Position (Bohr):        1.913401018008    3.160141216195   -1.527131114465
 Position (Angstrom):    1.012528214048    1.672274714846   -0.808122983836
 Density of all electrons:  0.1955067747E+03
 Density of Alpha electrons:  0.9775338737E+02
 Density of Beta electrons:  0.9775338737E+02
 Spin density of electrons:  0.0000000000E+00
 Lagrangian kinetic energy G(r):  0.1880884416E+02
 G(r) in X,Y,Z:  0.6411191729E+01  0.6117997157E+01  0.6279655274E+01
 Hamiltonian kinetic energy K(r):  0.3674226027E+06
 Potential energy density V(r): -0.3674414116E+06
 Energy density E(r) or H(r): -0.3674226027E+06
 Laplacian of electron density: -0.1469615176E+07
 Electron localization function (ELF):  0.9999990106E+00
 Localized orbital locator (LOL):  0.9990062921E+00
 Local information entropy:  0.1615605896E+00
 Interaction region indicator (IRI):  0.7213842453E-13
 Reduced density gradient (RDG):  0.1000000000E+03
 Reduced density gradient with promolecular approximation:  0.1000000000E+03
 Sign(lambda2)*rho: -0.1955067747E+03
 Sign(lambda2)*rho with promolecular approximation: -0.1931660993E+03
 Corr. hole for alpha, ref.:   0.00000   0.00000   0.00000 : -0.1700998358E-01
 Source function, ref.:   0.00000   0.00000   0.00000 :  0.2925560663E+05
 Wavefunction value for orbital       1 :  0.4088670614E-05
 Average local ionization energy (ALIE):  0.1409718941E+02
 van der Waals potential (probe atom: C ):  0.2290512714E+79 kcal/mol
 Delta-g (under promolecular approximation):  0.4863510921E-01
 Delta-g (under Hirshfeld partition):  0.6985467466E-01
 User-defined real space function:  0.1000000000E+01
 ESP from nuclear charges:  0.4105207086E+07
 ESP from electrons: -0.5342182862E+02
 Total ESP:  0.4105153664E+07 a.u. ( 0.1117069E+09 eV, 0.2576025E+10 kcal/mol)
 
 Note: Below information is for electron density
 
 Components of gradient in x/y/z are:
 -0.1429358399E-10 -0.1894228037E-10 -0.2866434568E-11
 Norm of gradient is:  0.2390257258E-10
 
 Components of Laplacian in x/y/z are:
 -0.4898711220E+06 -0.4898723451E+06 -0.4898717085E+06
 Total: -0.1469615176E+07
 
 Hessian matrix:
 -0.4898711220E+06  0.9277446612E+00  0.5446285169E+00
  0.9277446612E+00 -0.4898723451E+06  0.6901431552E-01
  0.5446285169E+00  0.6901431552E-01 -0.4898717085E+06
 Eigenvalues of Hessian: -0.4898728816E+06 -0.4898718773E+06 -0.4898704167E+06
 Eigenvectors (columns) of Hessian:
 -0.5023066221E+00 -0.2388902670E+00  0.8310351965E+00
  0.8449955433E+00 -0.3395632956E+00  0.4131335137E+00
  0.1834954747E+00  0.9097407371E+00  0.3724261029E+00
 Determinant of Hessian: -0.1175566278E+18
 Ellipticity of electron density:    0.000002
 eta index:   -1.000005
 Stiffness:   -1.000003
 
 Stress tensor:
 -0.1224806029E+06 -0.1962806315E+00 -0.1390035096E+00
 -0.1962806315E+00 -0.1224803223E+06 -0.2420149890E-01
 -0.1390035096E+00 -0.2420149890E-01 -0.1224804864E+06
 Eigenvalues of stress tensor: -0.1224807688E+06 -0.1224804290E+06 -0.1224802138E+06
 Eigenvectors (columns) of stress tensor:
  0.8157199728E+00  0.3030951958E+00  0.4926806555E+00
  0.3820844604E+00  0.3571478884E+00 -0.8523243813E+00
  0.4342952810E+00 -0.8835036435E+00 -0.1755247014E+00
 Stress tensor stiffness:    1.000005
 Stress tensor polarizability:    0.999995
 
