 ----------------   CP     1,     Type (3,-3)   ----------------
 Corresponding nucleus:     2(N )
 Position (Bohr):       -2.587709904983    3.101682653764   -1.271316118991
 Position (Angstrom):   -1.369357110145    1.641339775825   -0.672751518024
 Density of all electrons:  0.1954671619E+03
 Density of Alpha electrons:  0.9775231315E+02
 Density of Beta electrons:  0.9771484872E+02
 Spin density of electrons:  0.3746442733E-01
 Lagrangian kinetic energy G(r):  0.1866378038E+02
 G(r) in X,Y,Z:  0.6373463621E+01  0.6422468704E+01  0.5867848059E+01
 Hamiltonian kinetic energy K(r):  0.3673190487E+06
 Potential energy density V(r): -0.3673377125E+06
 Energy density E(r) or H(r): -0.3673190487E+06
 Laplacian of electron density: -0.1469201540E+07
 Electron localization function (ELF):  0.9999990251E+00
 Localized orbital locator (LOL):  0.9990136159E+00
 Local information entropy: -0.8574132982E+00
 Interaction region indicator (IRI):  0.1011760175E-12
 Reduced density gradient (RDG):  0.1000000000E+03
 Reduced density gradient with promolecular approximation:  0.1000000000E+03
 Sign(lambda2)*rho: -0.1954671619E+03
 Sign(lambda2)*rho with promolecular approximation: -0.1931597358E+03
 Corr. hole for alpha, ref.:   0.00000   0.00000   0.00000 : -0.2552416518E-03
 Source function, ref.:   0.00000   0.00000   0.00000 :  0.2760870109E+05
 Wavefunction value for orbital       1 :  0.2043301649E-05
 Average local ionization energy (ALIE):  0.1383580152E+02
 van der Waals potential (probe atom: C ):  0.3405072511E+74 kcal/mol
 Delta-g (under promolecular approximation):  0.5046885410E-01
 Delta-g (under Hirshfeld partition):  0.7221774201E-01
 User-defined real space function:  0.1000000000E+01
 ESP from nuclear charges:  0.1625621161E+07
 ESP from electrons: -0.3783207353E+02
 Total ESP:  0.1625583329E+07 a.u. ( 0.4423437E+08 eV, 0.1020070E+10 kcal/mol)
 
 Note: Below information is for electron density
 
 Components of gradient in x/y/z are:
  0.1598357253E-10 -0.1241046847E-10  0.2671819626E-10
 Norm of gradient is:  0.3351650832E-10
 
 Components of Laplacian in x/y/z are:
 -0.4897332242E+06 -0.4897330172E+06 -0.4897352983E+06
 Total: -0.1469201540E+07
 
 Hessian matrix:
 -0.4897332242E+06 -0.2370003306E+01  0.7953250077E+00
 -0.2370003306E+01 -0.4897330172E+06 -0.1798235789E+01
  0.7953250077E+00 -0.1798235789E+01 -0.4897352983E+06
 Eigenvalues of Hessian: -0.4897363980E+06 -0.4897350593E+06 -0.4897300824E+06
 Eigenvectors (columns) of Hessian:
  0.2392469668E+00  0.7474185917E+00 -0.6197792652E+00
  0.5813598699E+00  0.4009826023E+00  0.7079785691E+00
  0.7776770478E+00 -0.5296965182E+00 -0.3385853039E+00
 Determinant of Hessian: -0.1174573938E+18
 Ellipticity of electron density:    0.000003
 eta index:   -1.000013
 Stiffness:   -1.000010
 
 Stress tensor:
 -0.1224460530E+06  0.5178149368E+00 -0.1657359281E+00
  0.5178149368E+00 -0.1224460992E+06  0.4025670976E+00
 -0.1657359281E+00  0.4025670976E+00 -0.1224455603E+06
 Eigenvalues of stress tensor: -0.1224467368E+06 -0.1224456521E+06 -0.1224453236E+06
 Eigenvectors (columns) of stress tensor:
  0.6193581640E+00 -0.7550772066E+00  0.2150671447E+00
 -0.7119803592E+00 -0.4247375756E+00  0.5591797207E+00
  0.3308767638E+00  0.4994561081E+00  0.8006648258E+00
 Stress tensor stiffness:    1.000012
 Stress tensor polarizability:    0.999988
 
