 ----------------   CP     1,     Type (3,-3)   ----------------
 Corresponding nucleus:     2(N )
 Position (Bohr):       -0.948386091855    2.996937811219   -2.418788745664
 Position (Angstrom):   -0.501864306947    1.585911192191   -1.279967882194
 Density of all electrons:  0.1954673266E+03
 Density of Alpha electrons:  0.9774069048E+02
 Density of Beta electrons:  0.9772663611E+02
 Spin density of electrons:  0.1405437207E-01
 Lagrangian kinetic energy G(r):  0.1877601786E+02
 G(r) in X,Y,Z:  0.6125868622E+01  0.6310660759E+01  0.6339488478E+01
 Hamiltonian kinetic energy K(r):  0.3673428786E+06
 Potential energy density V(r): -0.3673616546E+06
 Energy density E(r) or H(r): -0.3673428786E+06
 Laplacian of electron density: -0.1469296410E+07
 Electron localization function (ELF):  0.9999990134E+00
 Localized orbital locator (LOL):  0.9990076914E+00
 Local information entropy:  0.1644463461E+00
 Interaction region indicator (IRI):  0.2714521223E-12
 Reduced density gradient (RDG):  0.1000000000E+03
 Reduced density gradient with promolecular approximation:  0.1000000000E+03
 Sign(lambda2)*rho: -0.1954673266E+03
 Sign(lambda2)*rho with promolecular approximation: -0.1931635890E+03
 Corr. hole for alpha, ref.:   0.00000   0.00000   0.00000 : -0.4473787433E-01
 Source function, ref.:   0.00000   0.00000   0.00000 :  0.2947901366E+05
 Wavefunction value for orbital       1 : -0.1260853611E-04
 Average local ionization energy (ALIE):  0.1397563858E+02
 van der Waals potential (probe atom: C ):  0.6426611767E+76 kcal/mol
 Delta-g (under promolecular approximation):  0.4977989794E-01
 Delta-g (under Hirshfeld partition):  0.7109380403E-01
 User-defined real space function:  0.1000000000E+01
 ESP from nuclear charges:  0.2515792211E+07
 ESP from electrons: -0.5290288805E+02
 Total ESP:  0.2515739308E+07 a.u. ( 0.6845675E+08 eV, 0.1578652E+10 kcal/mol)
 
 Note: Below information is for electron density
 
 Components of gradient in x/y/z are:
 -0.1672257681E-10 -0.8829176778E-10 -0.3348986245E-11
 Norm of gradient is:  0.8992383745E-10
 
 Components of Laplacian in x/y/z are:
 -0.4897660616E+06 -0.4897652486E+06 -0.4897651002E+06
 Total: -0.1469296410E+07
 
 Hessian matrix:
 -0.4897660616E+06 -0.1564771878E-01  0.5974636990E+00
 -0.1564771878E-01 -0.4897652486E+06 -0.1685764406E+01
  0.5974636990E+00 -0.1685764406E+01 -0.4897651002E+06
 Eigenvalues of Hessian: -0.4897670372E+06 -0.4897659615E+06 -0.4897634118E+06
 Eigenvectors (columns) of Hessian:
  0.3995660300E+00 -0.9012626405E+00  0.1675489198E+00
 -0.6268973142E+00 -0.4019980534E+00 -0.6673809426E+00
 -0.6688398501E+00 -0.1616267859E+00  0.7256238950E+00
 Determinant of Hessian: -0.1174801490E+18
 Ellipticity of electron density:    0.000002
 eta index:   -1.000007
 Stiffness:   -1.000005
 
 Stress tensor:
 -0.1224537671E+06 -0.6009429850E-03 -0.1447216789E+00
 -0.6009429850E-03 -0.1224539335E+06  0.3786900523E+00
 -0.1447216789E+00  0.3786900523E+00 -0.1224539540E+06
 Eigenvalues of stress tensor: -0.1224543416E+06 -0.1224537922E+06 -0.1224535208E+06
 Eigenvectors (columns) of stress tensor:
 -0.1809616006E+00  0.8991884340E+00  0.3983880761E+00
  0.6688107371E+00  0.4095045809E+00 -0.6204822287E+00
 -0.7210721857E+00  0.1541627656E+00 -0.6754914838E+00
 Stress tensor stiffness:    1.000007
 Stress tensor polarizability:    0.999993
 
