 ----------------   CP     1,     Type (3,-3)   ----------------
 Corresponding nucleus:     2(N )
 Position (Bohr):        3.072427953211    2.946129545443    0.487780770657
 Position (Angstrom):    1.625858854981    1.559024615816    0.258122467748
 Density of all electrons:  0.1955114644E+03
 Density of Alpha electrons:  0.9782170481E+02
 Density of Beta electrons:  0.9768975956E+02
 Spin density of electrons:  0.1319452566E+00
 Lagrangian kinetic energy G(r):  0.1864399335E+02
 G(r) in X,Y,Z:  0.6217625860E+01  0.6408942213E+01  0.6017425273E+01
 Hamiltonian kinetic energy K(r):  0.3674034941E+06
 Potential energy density V(r): -0.3674221381E+06
 Energy density E(r) or H(r): -0.3674034941E+06
 Laplacian of electron density: -0.1469539400E+07
 Electron localization function (ELF):  0.9999990280E+00
 Localized orbital locator (LOL):  0.9990150325E+00
 Local information entropy: -0.8157190531E+00
 Interaction region indicator (IRI):  0.3222907279E-12
 Reduced density gradient (RDG):  0.1000000000E+03
 Reduced density gradient with promolecular approximation:  0.1000000000E+03
 Sign(lambda2)*rho: -0.1955114644E+03
 Sign(lambda2)*rho with promolecular approximation: -0.1931593632E+03
 Corr. hole for alpha, ref.:   0.00000   0.00000   0.00000 : -0.1534148970E-01
 Source function, ref.:   0.00000   0.00000   0.00000 :  0.2729389485E+05
 Wavefunction value for orbital       1 : -0.2430242736E-04
 Average local ionization energy (ALIE):  0.1396629200E+02
 van der Waals potential (probe atom: C ):  0.3412270284E+74 kcal/mol
 Delta-g (under promolecular approximation):  0.5034845035E-01
 Delta-g (under Hirshfeld partition):  0.7196663581E-01
 User-defined real space function:  0.1000000000E+01
 ESP from nuclear charges:  0.1625907992E+07
 ESP from electrons: -0.3845280442E+02
 Total ESP:  0.1625869539E+07 a.u. ( 0.4424216E+08 eV, 0.1020249E+10 kcal/mol)
 
 Note: Below information is for electron density
 
 Components of gradient in x/y/z are:
 -0.9633314044E-10  0.4532424568E-10  0.8372187910E-11
 Norm of gradient is:  0.1067916416E-09
 
 Components of Laplacian in x/y/z are:
 -0.4898464648E+06 -0.4898455981E+06 -0.4898473375E+06
 Total: -0.1469539400E+07
 
 Hessian matrix:
 -0.4898464648E+06  0.2573968164E+01  0.1187672230E+01
  0.2573968164E+01 -0.4898455981E+06  0.9520874438E+00
  0.1187672230E+01  0.9520874438E+00 -0.4898473375E+06
 Eigenvalues of Hessian: -0.4898487294E+06 -0.4898477560E+06 -0.4898429149E+06
 Eigenvectors (columns) of Hessian:
 -0.7809847153E+00  0.2638730558E-01  0.6239924556E+00
  0.5547363608E+00 -0.4297047342E+00  0.7124755515E+00
  0.2869328223E+00  0.9025838197E+00  0.3209548316E+00
 Determinant of Hessian: -0.1175384447E+18
 Ellipticity of electron density:    0.000002
 eta index:   -1.000012
 Stiffness:   -1.000010
 
 Stress tensor:
 -0.1224740514E+06 -0.5597731049E+00 -0.2548514889E+00
 -0.5597731049E+00 -0.1224742174E+06 -0.1944184683E+00
 -0.2548514889E+00 -0.1944184683E+00 -0.1224738692E+06
 Eigenvalues of stress tensor: -0.1224748058E+06 -0.1224737824E+06 -0.1224735499E+06
 Eigenvectors (columns) of stress tensor:
 -0.6319271747E+00  0.9435640660E-02  0.7749703314E+00
 -0.7065056070E+00 -0.4180889509E+00 -0.5710091562E+00
 -0.3186186956E+00  0.9083570872E+00 -0.2708681025E+00
 Stress tensor stiffness:    1.000010
 Stress tensor polarizability:    0.999990
 
