 ----------------   CP     1,     Type (3,-3)   ----------------
 Corresponding nucleus:     2(N )
 Position (Bohr):        2.853926190046    2.829528311749    0.596565065299
 Position (Angstrom):    1.510232701372    1.497321900182    0.315688637377
 Density of all electrons:  0.1955108511E+03
 Density of Alpha electrons:  0.9775226022E+02
 Density of Beta electrons:  0.9775859085E+02
 Spin density of electrons: -0.6330636296E-02
 Lagrangian kinetic energy G(r):  0.1861123793E+02
 G(r) in X,Y,Z:  0.6178839607E+01  0.6201223909E+01  0.6231174419E+01
 Hamiltonian kinetic energy K(r):  0.3674015945E+06
 Potential energy density V(r): -0.3674202057E+06
 Energy density E(r) or H(r): -0.3674015945E+06
 Laplacian of electron density: -0.1469531933E+07
 Electron localization function (ELF):  0.9999990313E+00
 Localized orbital locator (LOL):  0.9990167559E+00
 Local information entropy: -0.8579783939E+00
 Interaction region indicator (IRI):  0.3436973947E-12
 Reduced density gradient (RDG):  0.1000000000E+03
 Reduced density gradient with promolecular approximation:  0.1000000000E+03
 Sign(lambda2)*rho: -0.1955108511E+03
 Sign(lambda2)*rho with promolecular approximation: -0.1931647620E+03
 Corr. hole for alpha, ref.:   0.00000   0.00000   0.00000 : -0.1667360043E-01
 Source function, ref.:   0.00000   0.00000   0.00000 :  0.2878292262E+05
 Wavefunction value for orbital       1 : -0.8730975404E-05
 Average local ionization energy (ALIE):  0.1432218176E+02
 van der Waals potential (probe atom: C ):  0.4831042894E+78 kcal/mol
 Delta-g (under promolecular approximation):  0.4901369414E-01
 Delta-g (under Hirshfeld partition):  0.6960254585E-01
 User-defined real space function:  0.1000000000E+01
 ESP from nuclear charges:  0.3605865509E+07
 ESP from electrons: -0.3870272622E+02
 Total ESP:  0.3605826806E+07 a.u. ( 0.9811954E+08 eV, 0.2262692E+10 kcal/mol)
 
 Note: Below information is for electron density
 
 Components of gradient in x/y/z are:
  0.1085636862E-09 -0.3408033022E-10  0.4702232938E-11
 Norm of gradient is:  0.1138843882E-09
 
 Components of Laplacian in x/y/z are:
 -0.4898441044E+06 -0.4898439441E+06 -0.4898438843E+06
 Total: -0.1469531933E+07
 
 Hessian matrix:
 -0.4898441044E+06  0.1639548831E+00  0.7299503835E-01
  0.1639548831E+00 -0.4898439441E+06  0.1120616455E+00
  0.7299503835E-01  0.1120616455E+00 -0.4898438843E+06
 Eigenvalues of Hessian: -0.4898442068E+06 -0.4898439984E+06 -0.4898437276E+06
 Eigenvectors (columns) of Hessian:
 -0.8500708764E+00 -0.3357850583E+00  0.4057436379E+00
  0.5265838618E+00 -0.5556834329E+00  0.6433703124E+00
  0.9430879714E-02  0.7605684171E+00  0.6491892955E+00
 Determinant of Hessian: -0.1175366529E+18
 Ellipticity of electron density:    0.000000
 eta index:   -1.000001
 Stiffness:   -1.000001
 
 Stress tensor:
 -0.1224733838E+06 -0.2271338429E-01 -0.5829623841E-02
 -0.2271338429E-01 -0.1224733885E+06 -0.8201215435E-02
 -0.5829623841E-02 -0.8201215435E-02 -0.1224734334E+06
 Eigenvalues of stress tensor: -0.1224734370E+06 -0.1224734054E+06 -0.1224733633E+06
 Eigenvectors (columns) of stress tensor:
  0.2137649484E+00  0.6378010660E+00  0.7399421241E+00
  0.2592043044E+00  0.6932681437E+00 -0.6724525333E+00
  0.9418692454E+00 -0.3355429646E+00  0.1712435267E-01
 Stress tensor stiffness:    1.000001
 Stress tensor polarizability:    0.999999
 
