 ----------------   CP     1,     Type (3,-3)   ----------------
 Corresponding nucleus:     2(N )
 Position (Bohr):        2.189275481731    2.689804579797    2.187518424685
 Position (Angstrom):    1.158514693321    1.423383285411    1.157584898774
 Density of all electrons:  0.1955053575E+03
 Density of Alpha electrons:  0.9775267875E+02
 Density of Beta electrons:  0.9775267875E+02
 Spin density of electrons:  0.0000000000E+00
 Lagrangian kinetic energy G(r):  0.1881690249E+02
 G(r) in X,Y,Z:  0.6515576486E+01  0.6052156295E+01  0.6249169708E+01
 Hamiltonian kinetic energy K(r):  0.3674178912E+06
 Potential energy density V(r): -0.3674367081E+06
 Energy density E(r) or H(r): -0.3674178912E+06
 Laplacian of electron density: -0.1469596297E+07
 Electron localization function (ELF):  0.9999990097E+00
 Localized orbital locator (LOL):  0.9990058548E+00
 Local information entropy:  0.1615653732E+00
 Interaction region indicator (IRI):  0.3691443268E-12
 Reduced density gradient (RDG):  0.1000000000E+03
 Reduced density gradient with promolecular approximation:  0.1000000000E+03
 Sign(lambda2)*rho: -0.1955053575E+03
 Sign(lambda2)*rho with promolecular approximation: -0.1931662568E+03
 Corr. hole for alpha, ref.:   0.00000   0.00000   0.00000 : -0.2899036568E-02
 Source function, ref.:   0.00000   0.00000   0.00000 :  0.2852087412E+05
 Wavefunction value for orbital       1 : -0.1389764556E-04
 Average local ionization energy (ALIE):  0.1409883622E+02
 van der Waals potential (probe atom: C ):  0.3202200954E+79 kcal/mol
 Delta-g (under promolecular approximation):  0.4840909692E-01
 Delta-g (under Hirshfeld partition):  0.6955850566E-01
 User-defined real space function:  0.1000000000E+01
 ESP from nuclear charges:  0.4221446426E+07
 ESP from electrons: -0.5334352994E+02
 Total ESP:  0.4221393082E+07 a.u. ( 0.1148699E+09 eV, 0.2648966E+10 kcal/mol)
 
 Note: Below information is for electron density
 
 Components of gradient in x/y/z are:
 -0.2178042942E-10  0.5260570637E-10 -0.1082524469E-09
 Norm of gradient is:  0.1223124675E-09
 
 Components of Laplacian in x/y/z are:
 -0.4898644084E+06 -0.4898663599E+06 -0.4898655291E+06
 Total: -0.1469596297E+07
 
 Hessian matrix:
 -0.4898644084E+06  0.6768110367E+00 -0.1711281269E+00
  0.6768110367E+00 -0.4898663599E+06 -0.1585911416E-01
 -0.1711281269E+00 -0.1585911416E-01 -0.4898655291E+06
 Eigenvalues of Hessian: -0.4898665729E+06 -0.4898655487E+06 -0.4898641757E+06
 Eigenvectors (columns) of Hessian:
 -0.3007642970E+00  0.1072320698E+00  0.9476508433E+00
  0.9530622591E+00  0.7008478323E-01  0.2945512748E+00
 -0.3483056106E-01  0.9917607606E+00 -0.1232778393E+00
 Determinant of Hessian: -0.1175520976E+18
 Ellipticity of electron density:    0.000002
 eta index:   -1.000005
 Stiffness:   -1.000003
 
 Stress tensor:
 -0.1224791332E+06 -0.1477648150E+00  0.6052558153E-01
 -0.1477648150E+00 -0.1224786943E+06  0.1336298706E-01
  0.6052558153E-01  0.1336298706E-01 -0.1224788806E+06
 Eigenvalues of stress tensor: -0.1224791907E+06 -0.1224788684E+06 -0.1224786491E+06
 Eigenvectors (columns) of stress tensor:
 -0.9384955856E+00  0.1805648845E+00  0.2943167651E+00
 -0.2846329985E+00  0.7798262037E-01 -0.9554594534E+00
  0.1954740184E+00  0.9804667426E+00  0.2179162047E-01
 Stress tensor stiffness:    1.000004
 Stress tensor polarizability:    0.999996
 
