 ----------------   CP     1,     Type (3,-3)   ----------------
 Corresponding nucleus:     2(N )
 Position (Bohr):        3.999774990004    2.782559788524    0.294297414610
 Position (Angstrom):    2.116589773450    1.472467228062    0.155735485039
 Density of all electrons:  0.1954404627E+03
 Density of Alpha electrons:  0.9771922286E+02
 Density of Beta electrons:  0.9772123982E+02
 Spin density of electrons: -0.2016951677E-02
 Lagrangian kinetic energy G(r):  0.1874329755E+02
 G(r) in X,Y,Z:  0.6315348141E+01  0.6462438844E+01  0.5965510563E+01
 Hamiltonian kinetic energy K(r):  0.3672743686E+06
 Potential energy density V(r): -0.3672931119E+06
 Energy density E(r) or H(r): -0.3672743686E+06
 Laplacian of electron density: -0.1469022501E+07
 Electron localization function (ELF):  0.9999990164E+00
 Localized orbital locator (LOL):  0.9990091922E+00
 Local information entropy: -0.5656115557E+00
 Interaction region indicator (IRI):  0.1367366921E-12
 Reduced density gradient (RDG):  0.1000000000E+03
 Reduced density gradient with promolecular approximation:  0.1000000000E+03
 Sign(lambda2)*rho: -0.1954404627E+03
 Sign(lambda2)*rho with promolecular approximation: -0.1931626996E+03
 Corr. hole for alpha, ref.:   0.00000   0.00000   0.00000 : -0.1482419668E-02
 Source function, ref.:   0.00000   0.00000   0.00000 :  0.2394858186E+05
 Wavefunction value for orbital       1 : -0.4391641159E-04
 Average local ionization energy (ALIE):  0.1403305465E+02
 van der Waals potential (probe atom: C ):  0.1433810023E+76 kcal/mol
 Delta-g (under promolecular approximation):  0.5000361789E-01
 Delta-g (under Hirshfeld partition):  0.7122869730E-01
 User-defined real space function:  0.1000000000E+01
 ESP from nuclear charges:  0.2220148423E+07
 ESP from electrons: -0.3911684741E+02
 Total ESP:  0.2220109306E+07 a.u. ( 0.6041225E+08 eV, 0.1393141E+10 kcal/mol)
 
 Note: Below information is for electron density
 
 Components of gradient in x/y/z are:
 -0.4340935821E-10  0.9204988637E-11  0.9059107361E-11
 Norm of gradient is:  0.4528986224E-10
 
 Components of Laplacian in x/y/z are:
 -0.4896739159E+06 -0.4896732554E+06 -0.4896753299E+06
 Total: -0.1469022501E+07
 
 Hessian matrix:
 -0.4896739159E+06  0.1728268164E+01  0.8524699749E-01
  0.1728268164E+01 -0.4896732554E+06  0.6125878302E+00
  0.8524699749E-01  0.6125878302E+00 -0.4896753299E+06
 Eigenvalues of Hessian: -0.4896756993E+06 -0.4896750539E+06 -0.4896717481E+06
 Eigenvectors (columns) of Hessian:
  0.4547684786E+00 -0.6392023460E+00 -0.6201661000E+00
 -0.5054240771E+00  0.3881158475E+00 -0.7706572462E+00
  0.7333022113E+00  0.6639175022E+00 -0.1465654023E+00
 Determinant of Hessian: -0.1174144586E+18
 Ellipticity of electron density:    0.000001
 eta index:   -1.000008
 Stiffness:   -1.000007
 
 Stress tensor:
 -0.1224311097E+06 -0.3964470393E+00 -0.2645541423E-01
 -0.3964470393E+00 -0.1224312387E+06 -0.1473015875E+00
 -0.2645541423E-01 -0.1473015875E+00 -0.1224307635E+06
 Eigenvalues of stress tensor: -0.1224315961E+06 -0.1224308337E+06 -0.1224306821E+06
 Eigenvectors (columns) of stress tensor:
  0.6291821323E+00  0.6586005671E+00  0.4127652328E+00
  0.7616984044E+00 -0.4167313531E+00 -0.4961355863E+00
  0.1547429645E+00 -0.6265622653E+00  0.7638549225E+00
 Stress tensor stiffness:    1.000007
 Stress tensor polarizability:    0.999993
 
