 ----------------   CP     1,     Type (3,-3)   ----------------
 Corresponding nucleus:     2(N )
 Position (Bohr):       -2.831762634728    2.628831464069   -0.946867438046
 Position (Angstrom):   -1.498504252985    1.391117702090   -0.501060669960
 Density of all electrons:  0.1954602697E+03
 Density of Alpha electrons:  0.9773013485E+02
 Density of Beta electrons:  0.9773013485E+02
 Spin density of electrons:  0.0000000000E+00
 Lagrangian kinetic energy G(r):  0.1866365558E+02
 G(r) in X,Y,Z:  0.6298974868E+01  0.6274596594E+01  0.6090084115E+01
 Hamiltonian kinetic energy K(r):  0.3673091600E+06
 Potential energy density V(r): -0.3673278237E+06
 Energy density E(r) or H(r): -0.3673091600E+06
 Laplacian of electron density: -0.1469161986E+07
 Electron localization function (ELF):  0.9999990250E+00
 Localized orbital locator (LOL):  0.9990135645E+00
 Local information entropy: -0.1309949218E+01
 Interaction region indicator (IRI):  0.2673426144E-12
 Reduced density gradient (RDG):  0.1000000000E+03
 Reduced density gradient with promolecular approximation:  0.1000000000E+03
 Sign(lambda2)*rho: -0.1954602697E+03
 Sign(lambda2)*rho with promolecular approximation: -0.1931622345E+03
 Corr. hole for alpha, ref.:   0.00000   0.00000   0.00000 : -0.2732833981E-01
 Source function, ref.:   0.00000   0.00000   0.00000 :  0.2938810599E+05
 Wavefunction value for orbital       1 :  0.5735718540E-01
 Average local ionization energy (ALIE):  0.1415304320E+02
 van der Waals potential (probe atom: C ):  0.1727644474E+76 kcal/mol
 Delta-g (under promolecular approximation):  0.5055606165E-01
 Delta-g (under Hirshfeld partition):  0.7164436692E-01
 User-defined real space function:  0.1000000000E+01
 ESP from nuclear charges:  0.2254905045E+07
 ESP from electrons: -0.3595980581E+02
 Total ESP:  0.2254869085E+07 a.u. ( 0.6135811E+08 eV, 0.1414953E+10 kcal/mol)
 
 Note: Below information is for electron density
 
 Components of gradient in x/y/z are:
  0.8273869809E-10 -0.2165891074E-10 -0.2297585176E-10
 Norm of gradient is:  0.8855896533E-10
 
 Components of Laplacian in x/y/z are:
 -0.4897203698E+06 -0.4897204344E+06 -0.4897211813E+06
 Total: -0.1469161986E+07
 
 Hessian matrix:
 -0.4897203698E+06 -0.1295724317E+01  0.9478318709E+00
 -0.1295724317E+01 -0.4897204344E+06 -0.6734646098E+00
  0.9478318709E+00 -0.6734646098E+00 -0.4897211813E+06
 Eigenvalues of Hessian: -0.4897218601E+06 -0.4897215316E+06 -0.4897185939E+06
 Eigenvectors (columns) of Hessian:
  0.6922322717E+00 -0.2678946737E+00  0.6701096372E+00
  0.3246809121E+00 -0.7136585281E+00 -0.6207042860E+00
 -0.6445128294E+00 -0.6472433461E+00  0.4070371771E+00
 Determinant of Hessian: -0.1174479074E+18
 Ellipticity of electron density:    0.000001
 eta index:   -1.000007
 Stiffness:   -1.000006
 
 Stress tensor:
 -0.1224426904E+06  0.3030584670E+00 -0.2132106424E+00
  0.3030584670E+00 -0.1224426578E+06  0.1418934328E+00
 -0.2132106424E+00  0.1418934328E+00 -0.1224424755E+06
 Eigenvalues of stress tensor: -0.1224430829E+06 -0.1224424107E+06 -0.1224423301E+06
 Eigenvectors (columns) of stress tensor:
 -0.6859140241E+00  0.2758316905E+00 -0.6733786676E+00
  0.6174845191E+00  0.7102358725E+00 -0.3380501060E+00
 -0.3850127533E+00  0.6476742113E+00  0.6574825442E+00
 Stress tensor stiffness:    1.000006
 Stress tensor polarizability:    0.999994
 
