 ----------------   CP     1,     Type (3,-3)   ----------------
 Corresponding nucleus:     2(N )
 Position (Bohr):        2.380646661836    2.837672355885    1.938037410258
 Position (Angstrom):    1.259783960656    1.501631542744    1.025565231386
 Density of all electrons:  0.1955051302E+03
 Density of Alpha electrons:  0.9775256512E+02
 Density of Beta electrons:  0.9775256512E+02
 Spin density of electrons:  0.0000000000E+00
 Lagrangian kinetic energy G(r):  0.1881174091E+02
 G(r) in X,Y,Z:  0.6512970638E+01  0.6052633718E+01  0.6246136551E+01
 Hamiltonian kinetic energy K(r):  0.3674172627E+06
 Potential energy density V(r): -0.3674360744E+06
 Energy density E(r) or H(r): -0.3674172627E+06
 Laplacian of electron density: -0.1469593804E+07
 Electron localization function (ELF):  0.9999990102E+00
 Localized orbital locator (LOL):  0.9990061253E+00
 Local information entropy:  0.1615661403E+00
 Interaction region indicator (IRI):  0.3196819407E-12
 Reduced density gradient (RDG):  0.1000000000E+03
 Reduced density gradient with promolecular approximation:  0.1000000000E+03
 Sign(lambda2)*rho: -0.1955051302E+03
 Sign(lambda2)*rho with promolecular approximation: -0.1931662031E+03
 Corr. hole for alpha, ref.:   0.00000   0.00000   0.00000 : -0.1414617692E-02
 Source function, ref.:   0.00000   0.00000   0.00000 :  0.2797488243E+05
 Wavefunction value for orbital       1 : -0.1191709616E-04
 Average local ionization energy (ALIE):  0.1409929153E+02
 van der Waals potential (probe atom: C ):  0.2778808942E+79 kcal/mol
 Delta-g (under promolecular approximation):  0.4859407791E-01
 Delta-g (under Hirshfeld partition):  0.6976383917E-01
 User-defined real space function:  0.1000000000E+01
 ESP from nuclear charges:  0.4171851274E+07
 ESP from electrons: -0.5318478775E+02
 Total ESP:  0.4171798089E+07 a.u. ( 0.1135204E+09 eV, 0.2617845E+10 kcal/mol)
 
 Note: Below information is for electron density
 
 Components of gradient in x/y/z are:
  0.6695571377E-10 -0.8031000699E-10  0.1694137925E-10
 Norm of gradient is:  0.1059234401E-09
 
 Components of Laplacian in x/y/z are:
 -0.4898635778E+06 -0.4898655163E+06 -0.4898647097E+06
 Total: -0.1469593804E+07
 
 Hessian matrix:
 -0.4898635778E+06  0.6287696592E+00 -0.2295567897E+00
  0.6287696592E+00 -0.4898655163E+06  0.5905438659E-01
 -0.2295567897E+00  0.5905438659E-01 -0.4898647097E+06
 Eigenvalues of Hessian: -0.4898657173E+06 -0.4898647255E+06 -0.4898633609E+06
 Eigenvectors (columns) of Hessian:
  0.2918876460E+00  0.1087401588E+00 -0.9502511142E+00
 -0.9486286044E+00  0.1597321516E+00 -0.2731106198E+00
  0.1220875628E+00  0.9811530042E+00  0.1497778668E+00
 Determinant of Hessian: -0.1175514992E+18
 Ellipticity of electron density:    0.000002
 eta index:   -1.000005
 Stiffness:   -1.000003
 
 Stress tensor:
 -0.1224789204E+06 -0.1347239951E+00  0.7284729193E-01
 -0.1347239951E+00 -0.1224784843E+06 -0.5001105157E-02
  0.7284729193E-01 -0.5001105157E-02 -0.1224786697E+06
 Eigenvalues of stress tensor: -0.1224789742E+06 -0.1224786569E+06 -0.1224784433E+06
 Eigenvectors (columns) of stress tensor:
 -0.9409647438E+00 -0.1811839406E+00 -0.2859330877E+00
 -0.2565178202E+00 -0.1694908460E+00  0.9515626417E+00
  0.2208709101E+00 -0.9687338297E+00 -0.1130080009E+00
 Stress tensor stiffness:    1.000004
 Stress tensor polarizability:    0.999996
 
