 ----------------   CP     1,     Type (3,-3)   ----------------
 Corresponding nucleus:     2(N )
 Position (Bohr):       -2.876025724011   -2.723276417141    0.638212604849
 Position (Angstrom):   -1.521927271117   -1.441095818941    0.337727566197
 Density of all electrons:  0.1954584667E+03
 Density of Alpha electrons:  0.9773022550E+02
 Density of Beta electrons:  0.9772824118E+02
 Spin density of electrons:  0.1984322975E-02
 Lagrangian kinetic energy G(r):  0.1866520721E+02
 G(r) in X,Y,Z:  0.6285008465E+01  0.6251307941E+01  0.6128890803E+01
 Hamiltonian kinetic energy K(r):  0.3673016926E+06
 Potential energy density V(r): -0.3673203578E+06
 Energy density E(r) or H(r): -0.3673016926E+06
 Laplacian of electron density: -0.1469132109E+07
 Electron localization function (ELF):  0.9999990248E+00
 Localized orbital locator (LOL):  0.9990134674E+00
 Local information entropy: -0.1342993269E+01
 Interaction region indicator (IRI):  0.1533870463E-12
 Reduced density gradient (RDG):  0.1000000000E+03
 Reduced density gradient with promolecular approximation:  0.1000000000E+03
 Sign(lambda2)*rho: -0.1954584667E+03
 Sign(lambda2)*rho with promolecular approximation: -0.1931647421E+03
 Corr. hole for alpha, ref.:   0.00000   0.00000   0.00000 : -0.1394280908E-01
 Source function, ref.:   0.00000   0.00000   0.00000 :  0.2914100339E+05
 Wavefunction value for orbital       1 :  0.9689556114E+01
 Average local ionization energy (ALIE):  0.1433326430E+02
 van der Waals potential (probe atom: C ):  0.3029002098E+78 kcal/mol
 Delta-g (under promolecular approximation):  0.4907580260E-01
 Delta-g (under Hirshfeld partition):  0.6956564802E-01
 User-defined real space function:  0.1000000000E+01
 ESP from nuclear charges:  0.3468279878E+07
 ESP from electrons: -0.3567680829E+02
 Total ESP:  0.3468244202E+07 a.u. ( 0.9437572E+08 eV, 0.2176358E+10 kcal/mol)
 
 Note: Below information is for electron density
 
 Components of gradient in x/y/z are:
  0.4806427050E-10 -0.1086934199E-10  0.1238275337E-10
 Norm of gradient is:  0.5080993284E-10
 
 Components of Laplacian in x/y/z are:
 -0.4897104371E+06 -0.4897105705E+06 -0.4897111019E+06
 Total: -0.1469132109E+07
 
 Hessian matrix:
 -0.4897104371E+06  0.6025514506E+00 -0.2254204255E+00
  0.6025514506E+00 -0.4897105705E+06 -0.5188159627E-02
 -0.2254204255E+00 -0.5188159627E-02 -0.4897111019E+06
 Eigenvalues of Hessian: -0.4897112634E+06 -0.4897109728E+06 -0.4897098733E+06
 Eigenvectors (columns) of Hessian:
  0.5262803302E+00  0.4032798298E+00  0.7485949458E+00
 -0.4522678595E+00 -0.6127594578E+00  0.6480583539E+00
  0.7200574958E+00 -0.6796257983E+00 -0.1400927444E+00
 Determinant of Hessian: -0.1174407425E+18
 Ellipticity of electron density:    0.000001
 eta index:   -1.000003
 Stiffness:   -1.000002
 
 Stress tensor:
 -0.1224401793E+06 -0.1272037179E+00  0.4830767697E-01
 -0.1272037179E+00 -0.1224401452E+06 -0.2602804290E-02
  0.4830767697E-01 -0.2602804290E-02 -0.1224400333E+06
 Eigenvalues of stress tensor: -0.1224402953E+06 -0.1224400648E+06 -0.1224399977E+06
 Eigenvectors (columns) of stress tensor:
 -0.7570852959E+00  0.4056567911E+00 -0.5121175866E+00
 -0.6395869843E+00 -0.6200655842E+00  0.4543645682E+00
  0.1332304177E+00 -0.6715364764E+00 -0.7288953400E+00
 Stress tensor stiffness:    1.000002
 Stress tensor polarizability:    0.999998
 
