 ----------------   CP     1,     Type (3,-3)   ----------------
 Corresponding nucleus:     2(N )
 Position (Bohr):       -0.005818145401   -4.783407534294   -2.412224305695
 Position (Angstrom):   -0.003078829956   -2.531270257610   -1.276494130160
 Density of all electrons:  0.1954977943E+03
 Density of Alpha electrons:  0.9774888843E+02
 Density of Beta electrons:  0.9774890585E+02
 Spin density of electrons: -0.1742150138E-04
 Lagrangian kinetic energy G(r):  0.1865736276E+02
 G(r) in X,Y,Z:  0.6071225394E+01  0.6362974740E+01  0.6223162625E+01
 Hamiltonian kinetic energy K(r):  0.3673875603E+06
 Potential energy density V(r): -0.3674062176E+06
 Energy density E(r) or H(r): -0.3673875603E+06
 Laplacian of electron density: -0.1469475612E+07
 Electron localization function (ELF):  0.9999990263E+00
 Localized orbital locator (LOL):  0.9990142119E+00
 Local information entropy:  0.1587995128E+00
 Interaction region indicator (IRI):  0.1794574466E-12
 Reduced density gradient (RDG):  0.1000000000E+03
 Reduced density gradient with promolecular approximation:  0.1000000000E+03
 Sign(lambda2)*rho: -0.1954977943E+03
 Sign(lambda2)*rho with promolecular approximation: -0.1931633866E+03
 Corr. hole for alpha, ref.:   0.00000   0.00000   0.00000 : -0.1369337663E-02
 Source function, ref.:   0.00000   0.00000   0.00000 :  0.2182793859E+05
 Wavefunction value for orbital       1 :  0.3092282228E-04
 Average local ionization energy (ALIE):  0.1424103984E+02
 van der Waals potential (probe atom: C ):  0.1198887176E+77 kcal/mol
 Delta-g (under promolecular approximation):  0.5024865468E-01
 Delta-g (under Hirshfeld partition):  0.7128474920E-01
 User-defined real space function:  0.1000000000E+01
 ESP from nuclear charges:  0.2649967290E+07
 ESP from electrons: -0.5077052733E+02
 Total ESP:  0.2649916520E+07 a.u. ( 0.7210790E+08 eV, 0.1662849E+10 kcal/mol)
 
 Note: Below information is for electron density
 
 Components of gradient in x/y/z are:
 -0.3941630912E-13  0.4720676766E-10  0.3615094874E-10
 Norm of gradient is:  0.5945899058E-10
 
 Components of Laplacian in x/y/z are:
 -0.4898258260E+06 -0.4898245563E+06 -0.4898252294E+06
 Total: -0.1469475612E+07
 
 Hessian matrix:
 -0.4898258260E+06 -0.2240811104E+00 -0.1549327772E+00
 -0.2240811104E+00 -0.4898245563E+06  0.8727211110E+00
 -0.1549327772E+00  0.8727211110E+00 -0.4898252294E+06
 Eigenvalues of Hessian: -0.4898258649E+06 -0.4898258282E+06 -0.4898239185E+06
 Eigenvectors (columns) of Hessian:
 -0.9896135066E+00 -0.2596692005E-01 -0.1413889199E+00
 -0.1016962227E+00 -0.5686929455E+00  0.8162390655E+00
 -0.1016020959E+00  0.8221399229E+00  0.5601454823E+00
 Determinant of Hessian: -0.1175231393E+18
 Ellipticity of electron density:    0.000000
 eta index:   -1.000004
 Stiffness:   -1.000004
 
 Stress tensor:
 -0.1224685989E+06  0.4115691185E-01  0.3111938144E-01
  0.4115691185E-01 -0.1224688650E+06 -0.1987232038E+00
  0.3111938144E-01 -0.1987232038E+00 -0.1224687537E+06
 Eigenvalues of stress tensor: -0.1224690220E+06 -0.1224686030E+06 -0.1224685926E+06
 Eigenvectors (columns) of stress tensor:
  0.1210635844E+00  0.6981019073E-02  0.9926202063E+00
 -0.7909489318E+00 -0.6035370339E+00  0.1007116475E+00
 -0.5997861251E+00  0.7973044049E+00  0.6754472707E-01
 Stress tensor stiffness:    1.000004
 Stress tensor polarizability:    0.999996
 
