 ----------------   CP     1,     Type (3,-3)   ----------------
 Corresponding nucleus:     2(N )
 Position (Bohr):        2.841384726819    2.556212705565   -1.122043219284
 Position (Angstrom):    1.503596044840    1.352689510006   -0.593759701293
 Density of all electrons:  0.1954573317E+03
 Density of Alpha electrons:  0.9772866583E+02
 Density of Beta electrons:  0.9772866583E+02
 Spin density of electrons:  0.0000000000E+00
 Lagrangian kinetic energy G(r):  0.1866502350E+02
 G(r) in X,Y,Z:  0.6295894517E+01  0.6258274818E+01  0.6110854160E+01
 Hamiltonian kinetic energy K(r):  0.3673043146E+06
 Potential energy density V(r): -0.3673229796E+06
 Energy density E(r) or H(r): -0.3673043146E+06
 Laplacian of electron density: -0.1469142598E+07
 Electron localization function (ELF):  0.9999990248E+00
 Localized orbital locator (LOL):  0.9990134676E+00
 Local information entropy: -0.1309900147E+01
 Interaction region indicator (IRI):  0.1878890200E-12
 Reduced density gradient (RDG):  0.1000000000E+03
 Reduced density gradient with promolecular approximation:  0.1000000000E+03
 Sign(lambda2)*rho: -0.1954573317E+03
 Sign(lambda2)*rho with promolecular approximation: -0.1931622689E+03
 Corr. hole for alpha, ref.:   0.00000   0.00000   0.00000 : -0.2554771779E-01
 Source function, ref.:   0.00000   0.00000   0.00000 :  0.2935020721E+05
 Wavefunction value for orbital       1 :  0.5972844399E-01
 Average local ionization energy (ALIE):  0.1415338784E+02
 van der Waals potential (probe atom: C ):  0.1865835756E+76 kcal/mol
 Delta-g (under promolecular approximation):  0.5051309858E-01
 Delta-g (under Hirshfeld partition):  0.7157970709E-01
 User-defined real space function:  0.1000000000E+01
 ESP from nuclear charges:  0.2269410999E+07
 ESP from electrons: -0.3595764963E+02
 Total ESP:  0.2269375042E+07 a.u. ( 0.6175284E+08 eV, 0.1424056E+10 kcal/mol)
 
 Note: Below information is for electron density
 
 Components of gradient in x/y/z are:
 -0.2574508559E-10  0.4958798674E-10 -0.2741975820E-10
 Norm of gradient is:  0.6223842062E-10
 
 Components of Laplacian in x/y/z are:
 -0.4897139223E+06 -0.4897140446E+06 -0.4897146315E+06
 Total: -0.1469142598E+07
 
 Hessian matrix:
 -0.4897139223E+06  0.1242353868E+01 -0.1029448466E+01
  0.1242353868E+01 -0.4897140446E+06 -0.7193262583E+00
 -0.1029448466E+01 -0.7193262583E+00 -0.4897146315E+06
 Eigenvalues of Hessian: -0.4897154073E+06 -0.4897150686E+06 -0.4897121224E+06
 Eigenvectors (columns) of Hessian:
  0.6965914008E+00 -0.2643740621E+00  0.6669833398E+00
 -0.2882418029E+00  0.7481917456E+00  0.5976000125E+00
  0.6570213721E+00  0.6085355102E+00 -0.4449802798E+00
 Determinant of Hessian: -0.1174432579E+18
 Ellipticity of electron density:    0.000001
 eta index:   -1.000007
 Stiffness:   -1.000006
 
 Stress tensor:
 -0.1224410724E+06 -0.2902642473E+00  0.2324918264E+00
 -0.2902642473E+00 -0.1224410277E+06  0.1532027533E+00
  0.2324918264E+00  0.1532027533E+00 -0.1224408796E+06
 Eigenvalues of stress tensor: -0.1224414697E+06 -0.1224407964E+06 -0.1224407136E+06
 Eigenvectors (columns) of stress tensor:
  0.6828014962E+00  0.2756146886E+00 -0.6766229823E+00
  0.5952826191E+00 -0.7468044000E+00  0.2965160897E+00
 -0.4235808306E+00 -0.6052435308E+00 -0.6739877954E+00
 Stress tensor stiffness:    1.000006
 Stress tensor polarizability:    0.999994
 
