 ----------------   CP     1,     Type (3,-3)   ----------------
 Corresponding nucleus:     2(N )
 Position (Bohr):        2.863205649106   -2.741247870836   -0.362547249588
 Position (Angstrom):    1.515143179636   -1.450605902683   -0.191851742358
 Density of all electrons:  0.1954523521E+03
 Density of Alpha electrons:  0.9772617604E+02
 Density of Beta electrons:  0.9772617604E+02
 Spin density of electrons:  0.0000000000E+00
 Lagrangian kinetic energy G(r):  0.1866451771E+02
 G(r) in X,Y,Z:  0.6316621452E+01  0.6345003678E+01  0.6002892583E+01
 Hamiltonian kinetic energy K(r):  0.3672924252E+06
 Potential energy density V(r): -0.3673110897E+06
 Energy density E(r) or H(r): -0.3672924252E+06
 Laplacian of electron density: -0.1469095043E+07
 Electron localization function (ELF):  0.9999990248E+00
 Localized orbital locator (LOL):  0.9990134525E+00
 Local information entropy: -0.1309816980E+01
 Interaction region indicator (IRI):  0.2989168501E-12
 Reduced density gradient (RDG):  0.1000000000E+03
 Reduced density gradient with promolecular approximation:  0.1000000000E+03
 Sign(lambda2)*rho: -0.1954523521E+03
 Sign(lambda2)*rho with promolecular approximation: -0.1931623692E+03
 Corr. hole for alpha, ref.:   0.00000   0.00000   0.00000 : -0.7094106852E-02
 Source function, ref.:   0.00000   0.00000   0.00000 :  0.2937040827E+05
 Wavefunction value for orbital       1 :  0.4723454307E-01
 Average local ionization energy (ALIE):  0.1415393509E+02
 van der Waals potential (probe atom: C ):  0.1892200318E+76 kcal/mol
 Delta-g (under promolecular approximation):  0.5022535816E-01
 Delta-g (under Hirshfeld partition):  0.7124598388E-01
 User-defined real space function:  0.1000000000E+01
 ESP from nuclear charges:  0.2272066061E+07
 ESP from electrons: -0.3592990672E+02
 Total ESP:  0.2272030131E+07 a.u. ( 0.6182508E+08 eV, 0.1425722E+10 kcal/mol)
 
 Note: Below information is for electron density
 
 Components of gradient in x/y/z are:
 -0.4714837470E-10  0.8676072068E-10  0.7302420667E-11
 Norm of gradient is:  0.9901372248E-10
 
 Components of Laplacian in x/y/z are:
 -0.4896979869E+06 -0.4896978085E+06 -0.4896992473E+06
 Total: -0.1469095043E+07
 
 Hessian matrix:
 -0.4896979869E+06 -0.1563099778E+01 -0.4519612533E+00
 -0.1563099778E+01 -0.4896978085E+06  0.3313590261E+00
 -0.4519612533E+00  0.3313590261E+00 -0.4896992473E+06
 Eigenvalues of Hessian: -0.4896995207E+06 -0.4896992909E+06 -0.4896962312E+06
 Eigenvectors (columns) of Hessian:
  0.6883683821E+00 -0.2537419214E+00  0.6795321978E+00
  0.5332721216E+00 -0.4580092409E+00 -0.7112301874E+00
  0.4917009404E+00  0.8519639503E+00 -0.1799655874E+00
 Determinant of Hessian: -0.1174318535E+18
 Ellipticity of electron density:    0.000000
 eta index:   -1.000007
 Stiffness:   -1.000006
 
 Stress tensor:
 -0.1224371300E+06  0.3613460810E+00  0.1022861767E+00
  0.3613460810E+00 -0.1224371421E+06 -0.6875973849E-01
  0.1022861767E+00 -0.6875973849E-01 -0.1224368176E+06
 Eigenvalues of stress tensor: -0.1224375183E+06 -0.1224368125E+06 -0.1224367590E+06
 Eigenvectors (columns) of stress tensor:
  0.6949463388E+00 -0.2835320276E+00  0.6608019185E+00
 -0.6986733528E+00 -0.4835369495E+00  0.5273021567E+00
 -0.1700150943E+00  0.8281313952E+00  0.5341285051E+00
 Stress tensor stiffness:    1.000006
 Stress tensor polarizability:    0.999994
 
